<Qucs Dataset 0.0.17>
<indep Ro 1>
  +3.03750000000e+05
</indep>
<indep gm 1>
  +1.89933523267e-02
</indep>
<indep Rpi 1>
  +4.21200000000e+03
</indep>
<indep IBQ 1>
  +6.17283950617e-06
</indep>
<indep ICQ 1>
  +4.93827160494e-04
</indep>
<indep IEQ 1>
  +5.00000000000e-04
</indep>
<indep time 201>
  +0.00000000000e+00
  +1.00000000000e-05
  +2.00000000000e-05
  +3.00000000000e-05
  +4.00000000000e-05
  +5.00000000000e-05
  +6.00000000000e-05
  +7.00000000000e-05
  +8.00000000000e-05
  +9.00000000000e-05
  +1.00000000000e-04
  +1.10000000000e-04
  +1.20000000000e-04
  +1.30000000000e-04
  +1.40000000000e-04
  +1.50000000000e-04
  +1.60000000000e-04
  +1.70000000000e-04
  +1.80000000000e-04
  +1.90000000000e-04
  +2.00000000000e-04
  +2.10000000000e-04
  +2.20000000000e-04
  +2.30000000000e-04
  +2.40000000000e-04
  +2.50000000000e-04
  +2.60000000000e-04
  +2.70000000000e-04
  +2.80000000000e-04
  +2.90000000000e-04
  +3.00000000000e-04
  +3.10000000000e-04
  +3.20000000000e-04
  +3.30000000000e-04
  +3.40000000000e-04
  +3.50000000000e-04
  +3.60000000000e-04
  +3.70000000000e-04
  +3.80000000000e-04
  +3.90000000000e-04
  +4.00000000000e-04
  +4.10000000000e-04
  +4.20000000000e-04
  +4.30000000000e-04
  +4.40000000000e-04
  +4.50000000000e-04
  +4.60000000000e-04
  +4.70000000000e-04
  +4.80000000000e-04
  +4.90000000000e-04
  +5.00000000000e-04
  +5.10000000000e-04
  +5.20000000000e-04
  +5.30000000000e-04
  +5.40000000000e-04
  +5.50000000000e-04
  +5.60000000000e-04
  +5.70000000000e-04
  +5.80000000000e-04
  +5.90000000000e-04
  +6.00000000000e-04
  +6.10000000000e-04
  +6.20000000000e-04
  +6.30000000000e-04
  +6.40000000000e-04
  +6.50000000000e-04
  +6.60000000000e-04
  +6.70000000000e-04
  +6.80000000000e-04
  +6.90000000000e-04
  +7.00000000000e-04
  +7.10000000000e-04
  +7.20000000000e-04
  +7.30000000000e-04
  +7.40000000000e-04
  +7.50000000000e-04
  +7.60000000000e-04
  +7.70000000000e-04
  +7.80000000000e-04
  +7.90000000000e-04
  +8.00000000000e-04
  +8.10000000000e-04
  +8.20000000000e-04
  +8.30000000000e-04
  +8.40000000000e-04
  +8.50000000000e-04
  +8.60000000000e-04
  +8.70000000000e-04
  +8.80000000000e-04
  +8.90000000000e-04
  +9.00000000000e-04
  +9.10000000000e-04
  +9.20000000000e-04
  +9.30000000000e-04
  +9.40000000000e-04
  +9.50000000000e-04
  +9.60000000000e-04
  +9.70000000000e-04
  +9.80000000000e-04
  +9.90000000000e-04
  +1.00000000000e-03
  +1.01000000000e-03
  +1.02000000000e-03
  +1.03000000000e-03
  +1.04000000000e-03
  +1.05000000000e-03
  +1.06000000000e-03
  +1.07000000000e-03
  +1.08000000000e-03
  +1.09000000000e-03
  +1.10000000000e-03
  +1.11000000000e-03
  +1.12000000000e-03
  +1.13000000000e-03
  +1.14000000000e-03
  +1.15000000000e-03
  +1.16000000000e-03
  +1.17000000000e-03
  +1.18000000000e-03
  +1.19000000000e-03
  +1.20000000000e-03
  +1.21000000000e-03
  +1.22000000000e-03
  +1.23000000000e-03
  +1.24000000000e-03
  +1.25000000000e-03
  +1.26000000000e-03
  +1.27000000000e-03
  +1.28000000000e-03
  +1.29000000000e-03
  +1.30000000000e-03
  +1.31000000000e-03
  +1.32000000000e-03
  +1.33000000000e-03
  +1.34000000000e-03
  +1.35000000000e-03
  +1.36000000000e-03
  +1.37000000000e-03
  +1.38000000000e-03
  +1.39000000000e-03
  +1.40000000000e-03
  +1.41000000000e-03
  +1.42000000000e-03
  +1.43000000000e-03
  +1.44000000000e-03
  +1.45000000000e-03
  +1.46000000000e-03
  +1.47000000000e-03
  +1.48000000000e-03
  +1.49000000000e-03
  +1.50000000000e-03
  +1.51000000000e-03
  +1.52000000000e-03
  +1.53000000000e-03
  +1.54000000000e-03
  +1.55000000000e-03
  +1.56000000000e-03
  +1.57000000000e-03
  +1.58000000000e-03
  +1.59000000000e-03
  +1.60000000000e-03
  +1.61000000000e-03
  +1.62000000000e-03
  +1.63000000000e-03
  +1.64000000000e-03
  +1.65000000000e-03
  +1.66000000000e-03
  +1.67000000000e-03
  +1.68000000000e-03
  +1.69000000000e-03
  +1.70000000000e-03
  +1.71000000000e-03
  +1.72000000000e-03
  +1.73000000000e-03
  +1.74000000000e-03
  +1.75000000000e-03
  +1.76000000000e-03
  +1.77000000000e-03
  +1.78000000000e-03
  +1.79000000000e-03
  +1.80000000000e-03
  +1.81000000000e-03
  +1.82000000000e-03
  +1.83000000000e-03
  +1.84000000000e-03
  +1.85000000000e-03
  +1.86000000000e-03
  +1.87000000000e-03
  +1.88000000000e-03
  +1.89000000000e-03
  +1.90000000000e-03
  +1.91000000000e-03
  +1.92000000000e-03
  +1.93000000000e-03
  +1.94000000000e-03
  +1.95000000000e-03
  +1.96000000000e-03
  +1.97000000000e-03
  +1.98000000000e-03
  +1.99000000000e-03
  +2.00000000000e-03
</indep>
<dep Av time>
  +inf-jnan
  +8.89953447307e-01
  +8.73285401810e-01
  +8.49815866797e-01
  +8.13744043447e-01
  +7.54464357448e-01
  +6.70634931294e-01
  +5.65688866387e-01
  +4.88763287560e-01
  +4.42932220993e-01
  +4.06413826834e-01
  +3.76830866012e-01
  +3.52559175843e-01
  +3.32457596864e-01
  +3.15703329438e-01
  +3.01690222612e-01
  +2.89963962790e-01
  +2.80179532748e-01
  +2.72072568990e-01
  +2.65439670621e-01
  +2.60124645620e-01
  +2.56008809064e-01
  +2.53004128986e-01
  +2.51048440409e-01
  +2.50102222399e-01
  +2.50146617836e-01
  +2.51182507637e-01
  +2.53230553725e-01
  +2.56332214698e-01
  +2.60551828369e-01
  +2.65979959816e-01
  +2.72738349296e-01
  +2.80986985453e-01
  +2.90934114165e-01
  +3.02850435982e-01
  +3.17089456877e-01
  +3.34117139441e-01
  +3.54556029882e-01
  +3.79252619095e-01
  +4.09383062136e-01
  +4.46622092515e-01
  +4.93393465719e-01
  +5.52933110500e-01
  +6.16365922015e-01
  +6.59190333772e-01
  +7.10608363532e-01
  +7.24347258246e-01
  +7.03967911547e-01
  +6.31029310855e-01
  +3.76607136535e-01
  -2.72128964548e+14
  +1.45126259705e+00
  +1.19066622876e+00
  +1.10587007573e+00
  +1.06450955781e+00
  +1.04022742992e+00
  +1.02429981328e+00
  +1.01302319663e+00
  +1.00456693829e+00
  +9.97927080754e-01
  +9.92509505965e-01
  +9.87941391157e-01
  +9.83977487018e-01
  +9.80449985662e-01
  +9.77240078755e-01
  +9.74261018055e-01
  +9.71447602859e-01
  +9.68749418048e-01
  +9.66126341979e-01
  +9.63545470207e-01
  +9.60978944013e-01
  +9.58402367349e-01
  +9.55793609753e-01
  +9.53131860947e-01
  +9.50396844250e-01
  +9.47568120875e-01
  +9.44624431626e-01
  +9.41543029476e-01
  +9.38298957763e-01
  +9.34864224574e-01
  +9.31206813833e-01
  +9.27289455996e-01
  +9.23068052851e-01
  +9.18489606305e-01
  +9.13489430470e-01
  +9.07987313312e-01
  +9.01882108690e-01
  +8.95043926934e-01
  +8.87302547233e-01
  +8.78429688734e-01
  +8.68110911171e-01
  +8.55899198485e-01
  +8.41134408303e-01
  +8.22794837978e-01
  +7.99202450467e-01
  +7.67378403402e-01
  +7.21440299625e-01
  +6.47813641952e-01
  +5.06132457238e-01
  +9.57609763431e-02
  -2.05327755337e+14
  +1.66636632172e+00
  +1.24155172745e+00
  +1.06970673860e+00
  +9.37564601545e-01
  +7.99684719648e-01
  +6.78212066812e-01
  +5.87070823976e-01
  +5.18928202527e-01
  +4.66567625256e-01
  +4.25325271312e-01
  +3.92203607336e-01
  +3.65204959402e-01
  +3.42950286516e-01
  +3.24459056696e-01
  +3.09016994353e-01
  +2.96093487431e-01
  +2.85288250897e-01
  +2.76295894688e-01
  +2.68881826756e-01
  +2.62865556063e-01
  +2.58108967853e-01
  +2.54508037048e-01
  +2.51986992702e-01
  +2.50494293270e-01
  +2.50000000002e-01
  +2.50494293269e-01
  +2.51986992702e-01
  +2.54508037049e-01
  +2.58108967855e-01
  +2.62865556060e-01
  +2.68881826755e-01
  +2.76295894686e-01
  +2.85288250895e-01
  +2.96093487425e-01
  +3.09016994333e-01
  +3.24459056596e-01
  +3.42950285924e-01
  +3.65204955576e-01
  +3.92203579872e-01
  +4.25325053022e-01
  +4.66565714225e-01
  +5.18909872145e-01
  +5.86879862211e-01
  +6.76140807578e-01
  +7.81895561066e-01
  +8.70322720190e-01
  +9.35155361228e-01
  +1.00394841955e+00
  +1.15067584487e+00
  +4.46104838131e+13
  +6.48320424190e-01
  +7.84757540101e-01
  +8.32768194334e-01
  +8.57950755091e-01
  +8.73603047527e-01
  +8.84248373476e-01
  +8.91874882853e-01
  +8.97505205626e-01
  +9.01724496083e-01
  +9.04894186514e-01
  +9.07250545015e-01
  +9.08954753622e-01
  +9.10120342786e-01
  +9.10829146940e-01
  +9.11141041423e-01
  +9.11100118829e-01
  +9.10738727605e-01
  +9.10080171936e-01
  +9.09140539785e-01
  +9.07929940518e-01
  +9.06453325640e-01
  +9.04711000464e-01
  +9.02698892793e-01
  +9.00408616402e-01
  +8.97827346429e-01
  +8.94937506847e-01
  +8.91716254328e-01
  +8.88134725725e-01
  +8.84156995695e-01
  +8.79738663669e-01
  +8.74824951102e-01
  +8.69348134194e-01
  +8.63224053339e-01
  +8.56347310753e-01
  +8.48584561567e-01
  +8.39764966683e-01
  +8.29666308202e-01
  +8.17994279134e-01
  +8.04350667754e-01
  +7.88182765633e-01
  +7.68699568532e-01
  +7.44726019177e-01
  +7.14433900878e-01
  +6.74806592155e-01
  +6.20467452138e-01
  +5.40763665152e-01
  +4.11049268182e-01
  +1.57909613561e-01
  -5.83876852893e-01
  -1.86924163479e+14
</dep>
<dep V2.It time>
  +2.49383461919e-04
  +1.78534997490e-04
  +1.28257241687e-04
  +8.17118647257e-05
  +4.17107364586e-05
  +1.38359951215e-05
  +2.52670456843e-06
  +1.73402143652e-07
  +1.21813566148e-08
  +1.62207383860e-09
  +2.35392657701e-10
  +3.75284233915e-11
  +6.62241984768e-12
  +1.30295135094e-12
  +2.88079191190e-13
  +7.23528874736e-14
  +2.10477404825e-14
  +7.35574369203e-15
  +3.25022166995e-15
  +1.86873639456e-15
  +1.34967306741e-15
  +1.13443622112e-15
  +1.03844593412e-15
  +9.95341067693e-16
  +9.80255921377e-16
  +9.85436973598e-16
  +1.01347512561e-15
  +1.07953573567e-15
  +1.22538915721e-15
  +1.56418553956e-15
  +2.42530717641e-15
  +4.86152462945e-15
  +1.25938408669e-14
  +4.02087245495e-14
  +1.51180426105e-13
  +6.51951894373e-13
  +3.18082549973e-12
  +1.74076600518e-11
  +1.06091161804e-10
  +7.14890896047e-10
  +5.28605721225e-09
  +4.25098918037e-08
  +3.65195430909e-07
  +2.37445649936e-06
  +7.32000203523e-06
  +3.03404866777e-05
  +6.96975742207e-05
  +1.17805993204e-04
  +1.70495167373e-04
  +2.25796336689e-04
  +2.82624348564e-04
  +3.40275032488e-04
  +3.98229242712e-04
  +4.56067841703e-04
  +5.13431079981e-04
  +5.69997674040e-04
  +6.25473422430e-04
  +6.79584784683e-04
  +7.32075198135e-04
  +7.82702978005e-04
  +8.31240167749e-04
  +8.77471975574e-04
  +9.21196578804e-04
  +9.62225160272e-04
  +1.00038208939e-03
  +1.03550518992e-03
  +1.06744605497e-03
  +1.09607038169e-03
  +1.12125830584e-03
  +1.14290472198e-03
  +1.16091957858e-03
  +1.17522814024e-03
  +1.18577121084e-03
  +1.19250531352e-03
  +1.19540282395e-03
  +1.19445205483e-03
  +1.18965729029e-03
  +1.18103876935e-03
  +1.16863261897e-03
  +1.15249073723e-03
  +1.13268062857e-03
  +1.10928519375e-03
  +1.08240247798e-03
  +1.05214538249e-03
  +1.01864134611e-03
  +9.82032005784e-04
  +9.42472848059e-04
  +9.00132867936e-04
  +8.55194257708e-04
  +8.07852157834e-04
  +7.58314516353e-04
  +7.06802125811e-04
  +6.53548943533e-04
  +5.98802862248e-04
  +5.42827204599e-04
  +4.85903407001e-04
  +4.28335721399e-04
  +3.70459486485e-04
  +3.12656053676e-04
  +2.55380949966e-04
  +1.99220546166e-04
  +1.45016297665e-04
  +9.41674694139e-05
  +4.94416676769e-05
  +1.67995726762e-05
  +2.87783317147e-06
  +3.32854882369e-07
  +3.73367375868e-08
  +4.42510433196e-09
  +5.63961122610e-10
  +7.80061047211e-11
  +1.18051140654e-11
  +1.97001891546e-12
  +3.65572950321e-13
  +7.63546973522e-14
  +1.84265900390e-14
  +5.47487826214e-15
  +2.23149761695e-15
  +1.32046876643e-15
  +1.03385314095e-15
  +9.33423423427e-16
  +8.94663986861e-16
  +8.78499280840e-16
  +8.71476613390e-16
  +8.68619284646e-16
  +8.68111205385e-16
  +8.69624101271e-16
  +8.74039570274e-16
  +8.84222125070e-16
  +9.07834044036e-16
  +9.66219565086e-16
  +1.12411724662e-15
  +1.59801898794e-15
  +3.18987632874e-15
  +9.19649935517e-15
  +3.46617423465e-14
  +1.55692908849e-13
  +7.98132239345e-13
  +4.58805811260e-12
  +2.92946356894e-11
  +2.06144297079e-10
  +1.58642687085e-09
  +1.32411569514e-08
  +1.18493888861e-07
  +1.09377981904e-06
  +8.36277767607e-06
  +3.34826086227e-05
  +7.45927708864e-05
  +1.23873178314e-04
  +1.77315335552e-04
  +2.33035592777e-04
  +2.89987603963e-04
  +3.47487039639e-04
  +4.05026713380e-04
  +4.62196118950e-04
  +5.18642836963e-04
  +5.74052585664e-04
  +6.28138333061e-04
  +6.80634138577e-04
  +7.31291610421e-04
  +7.79877878057e-04
  +8.26174474622e-04
  +8.69976780323e-04
  +9.11093817124e-04
  +9.49348264001e-04
  +9.84576608616e-04
  +1.01662937950e-03
  +1.04537142068e-03
  +1.07068218227e-03
  +1.09245600793e-03
  +1.11060240561e-03
  +1.12504629146e-03
  +1.13572819949e-03
  +1.14260445142e-03
  +1.14564728303e-03
  +1.14484492390e-03
  +1.14020162933e-03
  +1.13173766330e-03
  +1.11948923285e-03
  +1.10350837481e-03
  +1.08386279682e-03
  +1.06063567584e-03
  +1.03392541829e-03
  +1.00384538801e-03
  +9.70523609986e-04
  +9.34102460839e-04
  +8.94738361232e-04
  +8.52601490787e-04
  +8.07875555096e-04
  +7.60757647196e-04
  +7.11458266334e-04
  +6.60201589864e-04
  +6.07226148385e-04
  +5.52786148406e-04
  +4.97153854517e-04
  +4.40623757346e-04
  +3.83519872339e-04
  +3.26208808902e-04
  +2.69124155998e-04
  +2.12814843439e-04
  +1.58049082345e-04
</dep>
<dep V1.It time>
  -5.00000000000e-04
  -5.00000000000e-04
  -5.00000000000e-04
  -5.00000000000e-04
  -5.00000000000e-04
  -5.00000000000e-04
  -5.00000000000e-04
  -5.00000000000e-04
  -5.00000000000e-04
  -5.00000000000e-04
  -5.00000000000e-04
  -5.00000000000e-04
  -5.00000000000e-04
  -5.00000000000e-04
  -5.00000000000e-04
  -5.00000000000e-04
  -5.00000000000e-04
  -5.00000000000e-04
  -5.00000000000e-04
  -5.00000000000e-04
  -5.00000000000e-04
  -5.00000000000e-04
  -5.00000000000e-04
  -5.00000000000e-04
  -5.00000000000e-04
  -5.00000000000e-04
  -5.00000000000e-04
  -5.00000000000e-04
  -5.00000000000e-04
  -5.00000000000e-04
  -5.00000000000e-04
  -5.00000000000e-04
  -5.00000000000e-04
  -5.00000000000e-04
  -5.00000000000e-04
  -5.00000000000e-04
  -5.00000000000e-04
  -5.00000000000e-04
  -5.00000000000e-04
  -5.00000000000e-04
  -5.00000000000e-04
  -5.00000000000e-04
  -5.00000000000e-04
  -5.00000000000e-04
  -5.00000000000e-04
  -5.00000000000e-04
  -5.00000000000e-04
  -5.00000000000e-04
  -5.00000000000e-04
  -5.00000000000e-04
  -5.00000000000e-04
  -5.00000000000e-04
  -5.00000000000e-04
  -5.00000000000e-04
  -5.00000000000e-04
  -5.00000000000e-04
  -5.00000000000e-04
  -5.00000000000e-04
  -5.00000000000e-04
  -5.00000000000e-04
  -5.00000000000e-04
  -5.00000000000e-04
  -5.00000000000e-04
  -5.00000000000e-04
  -5.00000000000e-04
  -5.00000000000e-04
  -5.00000000000e-04
  -5.00000000000e-04
  -5.00000000000e-04
  -5.00000000000e-04
  -5.00000000000e-04
  -5.00000000000e-04
  -5.00000000000e-04
  -5.00000000000e-04
  -5.00000000000e-04
  -5.00000000000e-04
  -5.00000000000e-04
  -5.00000000000e-04
  -5.00000000000e-04
  -5.00000000000e-04
  -5.00000000000e-04
  -5.00000000000e-04
  -5.00000000000e-04
  -5.00000000000e-04
  -5.00000000000e-04
  -5.00000000000e-04
  -5.00000000000e-04
  -5.00000000000e-04
  -5.00000000000e-04
  -5.00000000000e-04
  -5.00000000000e-04
  -5.00000000000e-04
  -5.00000000000e-04
  -5.00000000000e-04
  -5.00000000000e-04
  -5.00000000000e-04
  -5.00000000000e-04
  -5.00000000000e-04
  -5.00000000000e-04
  -5.00000000000e-04
  -5.00000000000e-04
  -5.00000000000e-04
  -5.00000000000e-04
  -5.00000000000e-04
  -5.00000000000e-04
  -5.00000000000e-04
  -5.00000000000e-04
  -5.00000000000e-04
  -5.00000000000e-04
  -5.00000000000e-04
  -5.00000000000e-04
  -5.00000000000e-04
  -5.00000000000e-04
  -5.00000000000e-04
  -5.00000000000e-04
  -5.00000000000e-04
  -5.00000000000e-04
  -5.00000000000e-04
  -5.00000000000e-04
  -5.00000000000e-04
  -5.00000000000e-04
  -5.00000000000e-04
  -5.00000000000e-04
  -5.00000000000e-04
  -5.00000000000e-04
  -5.00000000000e-04
  -5.00000000000e-04
  -5.00000000000e-04
  -5.00000000000e-04
  -5.00000000000e-04
  -5.00000000000e-04
  -5.00000000000e-04
  -5.00000000000e-04
  -5.00000000000e-04
  -5.00000000000e-04
  -5.00000000000e-04
  -5.00000000000e-04
  -5.00000000000e-04
  -5.00000000000e-04
  -5.00000000000e-04
  -5.00000000000e-04
  -5.00000000000e-04
  -5.00000000000e-04
  -5.00000000000e-04
  -5.00000000000e-04
  -5.00000000000e-04
  -5.00000000000e-04
  -5.00000000000e-04
  -5.00000000000e-04
  -5.00000000000e-04
  -5.00000000000e-04
  -5.00000000000e-04
  -5.00000000000e-04
  -5.00000000000e-04
  -5.00000000000e-04
  -5.00000000000e-04
  -5.00000000000e-04
  -5.00000000000e-04
  -5.00000000000e-04
  -5.00000000000e-04
  -5.00000000000e-04
  -5.00000000000e-04
  -5.00000000000e-04
  -5.00000000000e-04
  -5.00000000000e-04
  -5.00000000000e-04
  -5.00000000000e-04
  -5.00000000000e-04
  -5.00000000000e-04
  -5.00000000000e-04
  -5.00000000000e-04
  -5.00000000000e-04
  -5.00000000000e-04
  -5.00000000000e-04
  -5.00000000000e-04
  -5.00000000000e-04
  -5.00000000000e-04
  -5.00000000000e-04
  -5.00000000000e-04
  -5.00000000000e-04
  -5.00000000000e-04
  -5.00000000000e-04
  -5.00000000000e-04
  -5.00000000000e-04
  -5.00000000000e-04
  -5.00000000000e-04
  -5.00000000000e-04
  -5.00000000000e-04
  -5.00000000000e-04
  -5.00000000000e-04
  -5.00000000000e-04
  -5.00000000000e-04
  -5.00000000000e-04
  -5.00000000000e-04
  -5.00000000000e-04
  -5.00000000000e-04
  -5.00000000000e-04
  -5.00000000000e-04
  -5.00000000000e-04
  -5.00000000000e-04
  -5.00000000000e-04
</dep>
<dep VS.It time>
  +3.15799552849e-11
  -7.91852594922e-05
  -1.35630010833e-04
  -1.88265911643e-04
  -2.34246325057e-04
  -2.67942549387e-04
  -2.84878916025e-04
  -2.94467993272e-04
  -3.01575922940e-04
  -3.06850764671e-04
  -3.11893137920e-04
  -3.16691060726e-04
  -3.21226524933e-04
  -3.25481674272e-04
  -3.29439638231e-04
  -3.33084701320e-04
  -3.36402380057e-04
  -3.39379482500e-04
  -3.42004160711e-04
  -3.44265957600e-04
  -3.46155848212e-04
  -3.47666275341e-04
  -3.48791179362e-04
  -3.49526022140e-04
  -3.49867804946e-04
  -3.49815080289e-04
  -3.49367957628e-04
  -3.48528102941e-04
  -3.47298732148e-04
  -3.45684598423e-04
  -3.43691973431e-04
  -3.41328622583e-04
  -3.38603774375e-04
  -3.35528083974e-04
  -3.32113591119e-04
  -3.28373672411e-04
  -3.24322987437e-04
  -3.19977414186e-04
  -3.15353941173e-04
  -3.10470269373e-04
  -3.05342118357e-04
  -2.99960818642e-04
  -2.94093568888e-04
  -2.87077483291e-04
  -2.78731810401e-04
  -2.49666788606e-04
  -2.04063935109e-04
  -1.49568958679e-04
  -9.03983239033e-05
  -2.85560868921e-05
  +3.48417358824e-05
  +9.90621043830e-05
  +1.63558067027e-04
  +2.27883381318e-04
  +2.91651764628e-04
  +3.54515949084e-04
  +4.16156326184e-04
  +4.76274580809e-04
  +5.34590076870e-04
  +5.90837833288e-04
  +6.44767453129e-04
  +6.96142639489e-04
  +7.44741078099e-04
  +7.90354549758e-04
  +8.32789184338e-04
  +8.71865797833e-04
  +9.07420272403e-04
  +9.39303951451e-04
  +9.67384029615e-04
  +9.91543923019e-04
  +1.01168360896e-03
  +1.02771992681e-03
  +1.03958683402e-03
  +1.04723561271e-03
  +1.05063502330e-03
  +1.04977140318e-03
  +1.04464870862e-03
  +1.03528849958e-03
  +1.02172986743e-03
  +1.00402930650e-03
  +9.82260531364e-04
  +9.56514242395e-04
  +9.26897843483e-04
  +8.93535117075e-04
  +8.56565863370e-04
  +8.16145512861e-04
  +7.72444724420e-04
  +7.25648985665e-04
  +6.75958238586e-04
  +6.23586562873e-04
  +5.68761964038e-04
  +5.11726335864e-04
  +4.52735704046e-04
  +3.92060919074e-04
  +3.29989073870e-04
  +2.66826114383e-04
  +2.02901476442e-04
  +1.38576308947e-04
  +7.42583849339e-05
  +1.04303164240e-05
  -5.22935818954e-05
  -1.13042522526e-04
  -1.70385132638e-04
  -2.21515206236e-04
  -2.60419308934e-04
  -2.80409770402e-04
  -2.88847738408e-04
  -2.94880673792e-04
  -3.00481367766e-04
  -3.05862234227e-04
  -3.11027721101e-04
  -3.15960310013e-04
  -3.20640799499e-04
  -3.25050666621e-04
  -3.29172415100e-04
  -3.32989679909e-04
  -3.36487296775e-04
  -3.39651362789e-04
  -3.42469291399e-04
  -3.44929862107e-04
  -3.47023264749e-04
  -3.48741138214e-04
  -3.50076603443e-04
  -3.51024290577e-04
  -3.51580360160e-04
  -3.51742518259e-04
  -3.51510025563e-04
  -3.50883700264e-04
  -3.49865914853e-04
  -3.48460586724e-04
  -3.46673162758e-04
  -3.44510597787e-04
  -3.41981327175e-04
  -3.39095233508e-04
  -3.35863607603e-04
  -3.32299103927e-04
  -3.28415690606e-04
  -3.24228594031e-04
  -3.19754236887e-04
  -3.15010160367e-04
  -3.10014856281e-04
  -3.04786884498e-04
  -2.99337671525e-04
  -2.93604945011e-04
  -2.86831199969e-04
  -2.73591295643e-04
  -2.42295356163e-04
  -1.94833083781e-04
  -1.39086867077e-04
  -7.91106853584e-05
  -1.68232650980e-05
  +4.66982922830e-05
  +1.10740905355e-04
  +1.74769760226e-04
  +2.38347506194e-04
  +3.01095542398e-04
  +3.62674049056e-04
  +4.22771128913e-04
  +4.81096703222e-04
  +5.37379036312e-04
  +5.91362781468e-04
  +6.42807939258e-04
  +6.91489376886e-04
  +7.37196697315e-04
  +7.79734326405e-04
  +8.18921733062e-04
  +8.54593725908e-04
  +8.86600787879e-04
  +9.14809421888e-04
  +9.39102488195e-04
  +9.59379519450e-04
  +9.75557003263e-04
  +9.87568624492e-04
  +9.95365461705e-04
  +9.98916133832e-04
  +9.98206893968e-04
  +9.93241668903e-04
  +9.84042043278e-04
  +9.70647188756e-04
  +9.53113739084e-04
  +9.31515613179e-04
  +9.05943789323e-04
  +8.76506034956e-04
  +8.43326598167e-04
  +8.06545869221e-04
  +7.66320023257e-04
  +7.22820659505e-04
  +6.76234458088e-04
  +6.26762884290e-04
  +5.74621983143e-04
  +5.20042327811e-04
  +4.63269218427e-04
  +4.04563282570e-04
  +3.44201723380e-04
  +2.82480629759e-04
  +2.19719079250e-04
  +1.56266385949e-04
  +9.25151471655e-05
  +2.89256635591e-05
  -3.39255433690e-05
  -9.52413614933e-05
</dep>
<dep _net1.Vt time>
  +0.00000000000e+00
  +7.98117998040e-02
  +1.39053140914e-01
  +1.97800549622e-01
  +2.55845348525e-01
  +3.12981355966e-01
  +3.69005618418e-01
  +4.41631952813e-01
  +5.11470082550e-01
  +5.64416774735e-01
  +6.15135971767e-01
  +6.63427508148e-01
  +7.09100799245e-01
  +7.51975593445e-01
  +7.91882683522e-01
  +8.28664574425e-01
  +8.62176104832e-01
  +8.92285020045e-01
  +9.18872493931e-01
  +9.41833597875e-01
  +9.61077714892e-01
  +9.76528897242e-01
  +9.88126166169e-01
  +9.95823752549e-01
  +9.99591277527e-01
  +9.99413872403e-01
  +9.95292237313e-01
  +9.87242638467e-01
  +9.75296843957e-01
  +9.59501998373e-01
  +9.39920436757e-01
  +9.16629438586e-01
  +8.89720922789e-01
  +8.59301084985e-01
  +8.25489978375e-01
  +7.88421039951e-01
  +7.48240563878e-01
  +7.05107124138e-01
  +6.59190948712e-01
  +6.10673247767e-01
  +5.59745498502e-01
  +5.06608689479e-01
  +4.51472527406e-01
  +4.01742901763e-01
  +3.68124552685e-01
  +3.09016994375e-01
  +2.48689887165e-01
  +1.87381314586e-01
  +1.25333233564e-01
  +6.27905195293e-02
  +1.22464679915e-16
  -6.27905195293e-02
  -1.25333233564e-01
  -1.87381314586e-01
  -2.48689887165e-01
  -3.09016994375e-01
  -3.68124552685e-01
  -4.25779291565e-01
  -4.81753674102e-01
  -5.35826794979e-01
  -5.87785252292e-01
  -6.37423989749e-01
  -6.84547105929e-01
  -7.28968627421e-01
  -7.70513242776e-01
  -8.09016994375e-01
  -8.44327925502e-01
  -8.76306680044e-01
  -9.04827052466e-01
  -9.29776485888e-01
  -9.51056516295e-01
  -9.68583161129e-01
  -9.82287250729e-01
  -9.92114701314e-01
  -9.98026728428e-01
  -1.00000000000e+00
  -9.98026728428e-01
  -9.92114701314e-01
  -9.82287250729e-01
  -9.68583161129e-01
  -9.51056516295e-01
  -9.29776485888e-01
  -9.04827052466e-01
  -8.76306680044e-01
  -8.44327925502e-01
  -8.09016994375e-01
  -7.70513242776e-01
  -7.28968627421e-01
  -6.84547105929e-01
  -6.37423989749e-01
  -5.87785252292e-01
  -5.35826794979e-01
  -4.81753674102e-01
  -4.25779291565e-01
  -3.68124552685e-01
  -3.09016994375e-01
  -2.48689887165e-01
  -1.87381314586e-01
  -1.25333233564e-01
  -6.27905195293e-02
  -2.44929359829e-16
  +6.27905195293e-02
  +1.25333233564e-01
  +1.87381314586e-01
  +2.48689887165e-01
  +3.09016994375e-01
  +3.68124552685e-01
  +4.25779291565e-01
  +4.81753674102e-01
  +5.35826794979e-01
  +5.87785252292e-01
  +6.37423989749e-01
  +6.84547105929e-01
  +7.28968627421e-01
  +7.70513242776e-01
  +8.09016994375e-01
  +8.44327925502e-01
  +8.76306680044e-01
  +9.04827052466e-01
  +9.29776485888e-01
  +9.51056516295e-01
  +9.68583161129e-01
  +9.82287250729e-01
  +9.92114701314e-01
  +9.98026728428e-01
  +1.00000000000e+00
  +9.98026728428e-01
  +9.92114701314e-01
  +9.82287250729e-01
  +9.68583161129e-01
  +9.51056516295e-01
  +9.29776485888e-01
  +9.04827052466e-01
  +8.76306680044e-01
  +8.44327925502e-01
  +8.09016994375e-01
  +7.70513242776e-01
  +7.28968627421e-01
  +6.84547105929e-01
  +6.37423989749e-01
  +5.87785252292e-01
  +5.35826794979e-01
  +4.81753674102e-01
  +4.25779291565e-01
  +3.68124552685e-01
  +3.09016994375e-01
  +2.48689887165e-01
  +1.87381314586e-01
  +1.25333233564e-01
  +6.27905195293e-02
  +3.67394039744e-16
  -6.27905195293e-02
  -1.25333233564e-01
  -1.87381314586e-01
  -2.48689887165e-01
  -3.09016994375e-01
  -3.68124552685e-01
  -4.25779291565e-01
  -4.81753674102e-01
  -5.35826794979e-01
  -5.87785252292e-01
  -6.37423989749e-01
  -6.84547105929e-01
  -7.28968627421e-01
  -7.70513242776e-01
  -8.09016994375e-01
  -8.44327925502e-01
  -8.76306680044e-01
  -9.04827052466e-01
  -9.29776485888e-01
  -9.51056516295e-01
  -9.68583161129e-01
  -9.82287250729e-01
  -9.92114701314e-01
  -9.98026728428e-01
  -1.00000000000e+00
  -9.98026728428e-01
  -9.92114701314e-01
  -9.82287250729e-01
  -9.68583161129e-01
  -9.51056516295e-01
  -9.29776485888e-01
  -9.04827052466e-01
  -8.76306680044e-01
  -8.44327925502e-01
  -8.09016994375e-01
  -7.70513242776e-01
  -7.28968627421e-01
  -6.84547105929e-01
  -6.37423989749e-01
  -5.87785252292e-01
  -5.35826794979e-01
  -4.81753674102e-01
  -4.25779291565e-01
  -3.68124552685e-01
  -3.09016994375e-01
  -2.48689887165e-01
  -1.87381314586e-01
  -1.25333233564e-01
  -6.27905195293e-02
  -4.89858719659e-16
</dep>
<dep Vi.Vt time>
  +0.00000000000e+00
  +7.98117998040e-02
  +1.39053140914e-01
  +1.97800549622e-01
  +2.55845348525e-01
  +3.12981355966e-01
  +3.69005618418e-01
  +4.41631952813e-01
  +5.11470082550e-01
  +5.64416774735e-01
  +6.15135971767e-01
  +6.63427508148e-01
  +7.09100799245e-01
  +7.51975593445e-01
  +7.91882683522e-01
  +8.28664574425e-01
  +8.62176104832e-01
  +8.92285020045e-01
  +9.18872493931e-01
  +9.41833597875e-01
  +9.61077714892e-01
  +9.76528897242e-01
  +9.88126166169e-01
  +9.95823752549e-01
  +9.99591277527e-01
  +9.99413872403e-01
  +9.95292237313e-01
  +9.87242638467e-01
  +9.75296843957e-01
  +9.59501998373e-01
  +9.39920436757e-01
  +9.16629438586e-01
  +8.89720922789e-01
  +8.59301084985e-01
  +8.25489978375e-01
  +7.88421039951e-01
  +7.48240563878e-01
  +7.05107124138e-01
  +6.59190948712e-01
  +6.10673247767e-01
  +5.59745498502e-01
  +5.06608689479e-01
  +4.51472527406e-01
  +4.01742901763e-01
  +3.68124552685e-01
  +3.09016994375e-01
  +2.48689887165e-01
  +1.87381314586e-01
  +1.25333233564e-01
  +6.27905195293e-02
  +1.22464679915e-16
  -6.27905195293e-02
  -1.25333233564e-01
  -1.87381314586e-01
  -2.48689887165e-01
  -3.09016994375e-01
  -3.68124552685e-01
  -4.25779291565e-01
  -4.81753674102e-01
  -5.35826794979e-01
  -5.87785252292e-01
  -6.37423989749e-01
  -6.84547105929e-01
  -7.28968627421e-01
  -7.70513242776e-01
  -8.09016994375e-01
  -8.44327925502e-01
  -8.76306680044e-01
  -9.04827052466e-01
  -9.29776485888e-01
  -9.51056516295e-01
  -9.68583161129e-01
  -9.82287250729e-01
  -9.92114701314e-01
  -9.98026728428e-01
  -1.00000000000e+00
  -9.98026728428e-01
  -9.92114701314e-01
  -9.82287250729e-01
  -9.68583161129e-01
  -9.51056516295e-01
  -9.29776485888e-01
  -9.04827052466e-01
  -8.76306680044e-01
  -8.44327925502e-01
  -8.09016994375e-01
  -7.70513242776e-01
  -7.28968627421e-01
  -6.84547105929e-01
  -6.37423989749e-01
  -5.87785252292e-01
  -5.35826794979e-01
  -4.81753674102e-01
  -4.25779291565e-01
  -3.68124552685e-01
  -3.09016994375e-01
  -2.48689887165e-01
  -1.87381314586e-01
  -1.25333233564e-01
  -6.27905195293e-02
  -2.44929359829e-16
  +6.27905195293e-02
  +1.25333233564e-01
  +1.87381314586e-01
  +2.48689887165e-01
  +3.09016994375e-01
  +3.68124552685e-01
  +4.25779291565e-01
  +4.81753674102e-01
  +5.35826794979e-01
  +5.87785252292e-01
  +6.37423989749e-01
  +6.84547105929e-01
  +7.28968627421e-01
  +7.70513242776e-01
  +8.09016994375e-01
  +8.44327925502e-01
  +8.76306680044e-01
  +9.04827052466e-01
  +9.29776485888e-01
  +9.51056516295e-01
  +9.68583161129e-01
  +9.82287250729e-01
  +9.92114701314e-01
  +9.98026728428e-01
  +1.00000000000e+00
  +9.98026728428e-01
  +9.92114701314e-01
  +9.82287250729e-01
  +9.68583161129e-01
  +9.51056516295e-01
  +9.29776485888e-01
  +9.04827052466e-01
  +8.76306680044e-01
  +8.44327925502e-01
  +8.09016994375e-01
  +7.70513242776e-01
  +7.28968627421e-01
  +6.84547105929e-01
  +6.37423989749e-01
  +5.87785252292e-01
  +5.35826794979e-01
  +4.81753674102e-01
  +4.25779291565e-01
  +3.68124552685e-01
  +3.09016994375e-01
  +2.48689887165e-01
  +1.87381314586e-01
  +1.25333233564e-01
  +6.27905195293e-02
  +3.67394039744e-16
  -6.27905195293e-02
  -1.25333233564e-01
  -1.87381314586e-01
  -2.48689887165e-01
  -3.09016994375e-01
  -3.68124552685e-01
  -4.25779291565e-01
  -4.81753674102e-01
  -5.35826794979e-01
  -5.87785252292e-01
  -6.37423989749e-01
  -6.84547105929e-01
  -7.28968627421e-01
  -7.70513242776e-01
  -8.09016994375e-01
  -8.44327925502e-01
  -8.76306680044e-01
  -9.04827052466e-01
  -9.29776485888e-01
  -9.51056516295e-01
  -9.68583161129e-01
  -9.82287250729e-01
  -9.92114701314e-01
  -9.98026728428e-01
  -1.00000000000e+00
  -9.98026728428e-01
  -9.92114701314e-01
  -9.82287250729e-01
  -9.68583161129e-01
  -9.51056516295e-01
  -9.29776485888e-01
  -9.04827052466e-01
  -8.76306680044e-01
  -8.44327925502e-01
  -8.09016994375e-01
  -7.70513242776e-01
  -7.28968627421e-01
  -6.84547105929e-01
  -6.37423989749e-01
  -5.87785252292e-01
  -5.35826794979e-01
  -4.81753674102e-01
  -4.25779291565e-01
  -3.68124552685e-01
  -3.09016994375e-01
  -2.48689887165e-01
  -1.87381314586e-01
  -1.25333233564e-01
  -6.27905195293e-02
  -4.89858719659e-16
</dep>
<dep E.Vt time>
  +3.24423539539e+00
  +3.31535511055e+00
  +3.36594239407e+00
  +3.41287870674e+00
  +3.45333549953e+00
  +3.48169990416e+00
  +3.49349557128e+00
  +3.49648387701e+00
  +3.49727768726e+00
  +3.49778825000e+00
  +3.49828963685e+00
  +3.49878983470e+00
  +3.49928986559e+00
  +3.49978987091e+00
  +3.50028987192e+00
  +3.50078987214e+00
  +3.50128987219e+00
  +3.50178987221e+00
  +3.50228987221e+00
  +3.50278987221e+00
  +3.50328987221e+00
  +3.50378987221e+00
  +3.50428987221e+00
  +3.50478987221e+00
  +3.50528987221e+00
  +3.50578987221e+00
  +3.50628987221e+00
  +3.50678987221e+00
  +3.50728987221e+00
  +3.50778987221e+00
  +3.50828987221e+00
  +3.50878987221e+00
  +3.50928987220e+00
  +3.50978987217e+00
  +3.51028987206e+00
  +3.51078987156e+00
  +3.51128986902e+00
  +3.51178985476e+00
  +3.51228976585e+00
  +3.51278915538e+00
  +3.51328457105e+00
  +3.51374723442e+00
  +3.51392351776e+00
  +3.51234528147e+00
  +3.50767318370e+00
  +3.48506449368e+00
  +3.44601394254e+00
  +3.39809949203e+00
  +3.34548949496e+00
  +3.29015093413e+00
  +3.23316787706e+00
  +3.17524415896e+00
  +3.11689929895e+00
  +3.05855346434e+00
  +3.00056804379e+00
  +2.94326653059e+00
  +2.88694587369e+00
  +2.83188286960e+00
  +2.77833781879e+00
  +2.72655659999e+00
  +2.67677179463e+00
  +2.62920322522e+00
  +2.58405812539e+00
  +2.54153107743e+00
  +2.50180380451e+00
  +2.46504487540e+00
  +2.43140936126e+00
  +2.40103847208e+00
  +2.37405919240e+00
  +2.35058393099e+00
  +2.33071019487e+00
  +2.31452029594e+00
  +2.30208109611e+00
  +2.29344379553e+00
  +2.28864376719e+00
  +2.28770044026e+00
  +2.29061723367e+00
  +2.29738154054e+00
  +2.30796476353e+00
  +2.32232240014e+00
  +2.34039417654e+00
  +2.36210422712e+00
  +2.38736131650e+00
  +2.41605909865e+00
  +2.44807640689e+00
  +2.48327756543e+00
  +2.52151271087e+00
  +2.56261810683e+00
  +2.60641642930e+00
  +2.65271699017e+00
  +2.70131585246e+00
  +2.75199576747e+00
  +2.80452582747e+00
  +2.85866066564e+00
  +2.91413892785e+00
  +2.97068054746e+00
  +3.02798198953e+00
  +3.08570790276e+00
  +3.14347607611e+00
  +3.20082908148e+00
  +3.25717725495e+00
  +3.31167376146e+00
  +3.36291033450e+00
  +3.40810297988e+00
  +3.44125880561e+00
  +3.45569510293e+00
  +3.45874295083e+00
  +3.45953875351e+00
  +3.46007168994e+00
  +3.46057555316e+00
  +3.46107603928e+00
  +3.46157610548e+00
  +3.46207611532e+00
  +3.46257611692e+00
  +3.46307611721e+00
  +3.46357611727e+00
  +3.46407611728e+00
  +3.46457611729e+00
  +3.46507611729e+00
  +3.46557611729e+00
  +3.46607611729e+00
  +3.46657611729e+00
  +3.46707611729e+00
  +3.46757611729e+00
  +3.46807611729e+00
  +3.46857611729e+00
  +3.46907611729e+00
  +3.46957611729e+00
  +3.47007611729e+00
  +3.47057611729e+00
  +3.47107611729e+00
  +3.47157611729e+00
  +3.47207611728e+00
  +3.47257611728e+00
  +3.47307611728e+00
  +3.47357611725e+00
  +3.47407611713e+00
  +3.47457611649e+00
  +3.47507611269e+00
  +3.47557608793e+00
  +3.47607591067e+00
  +3.47657452697e+00
  +3.47706284174e+00
  +3.47745729649e+00
  +3.47697911915e+00
  +3.47018646095e+00
  +3.44546896302e+00
  +3.40465249270e+00
  +3.35555183531e+00
  +3.30217378902e+00
  +3.24640076715e+00
  +3.18927857120e+00
  +3.13149172279e+00
  +3.07354829590e+00
  +3.01586032718e+00
  +2.95878236240e+00
  +2.90263136603e+00
  +2.84769757522e+00
  +2.79425062775e+00
  +2.74254307655e+00
  +2.69281239021e+00
  +2.64528204406e+00
  +2.60016205017e+00
  +2.55764913592e+00
  +2.51792670134e+00
  +2.48116463953e+00
  +2.44751907596e+00
  +2.41713206454e+00
  +2.39013126727e+00
  +2.36662963633e+00
  +2.34672511236e+00
  +2.33050034920e+00
  +2.31802247251e+00
  +2.30934287786e+00
  +2.30449707227e+00
  +2.30350456215e+00
  +2.30636878925e+00
  +2.31307711555e+00
  +2.32360085706e+00
  +2.33789536557e+00
  +2.35590015644e+00
  +2.37753907950e+00
  +2.40272052881e+00
  +2.43133768524e+00
  +2.46326878390e+00
  +2.49837739541e+00
  +2.53651270597e+00
  +2.57750977532e+00
  +2.62118974304e+00
  +2.66735994047e+00
  +2.71581384493e+00
  +2.76633077987e+00
  +2.81867520953e+00
  +2.87259538240e+00
  +2.92782090833e+00
  +2.98405853846e+00
  +3.04098479436e+00
  +3.09823279108e+00
  +3.15536767714e+00
  +3.21183798040e+00
  +3.26687101572e+00
</dep>
<dep Vo.Vt time>
  +3.82278875222e-09
  +7.10287863714e-02
  +1.21433078036e-01
  +1.68094045530e-01
  +2.08192628406e-01
  +2.36133277622e-01
  +2.47468057555e-01
  +2.49826278747e-01
  +2.49987799036e-01
  +2.49998375599e-01
  +2.49999764309e-01
  +2.49999962431e-01
  +2.49999993372e-01
  +2.49999998697e-01
  +2.49999999712e-01
  +2.49999999929e-01
  +2.49999999980e-01
  +2.49999999994e-01
  +2.49999999998e-01
  +2.49999999999e-01
  +2.49999999999e-01
  +2.49999999999e-01
  +2.50000000000e-01
  +2.50000000000e-01
  +2.50000000001e-01
  +2.50000000000e-01
  +2.50000000000e-01
  +2.50000000000e-01
  +2.49999999999e-01
  +2.50000000000e-01
  +2.49999999999e-01
  +2.49999999996e-01
  +2.49999999989e-01
  +2.49999999961e-01
  +2.49999999850e-01
  +2.49999999349e-01
  +2.49999996817e-01
  +2.49999982576e-01
  +2.49999893782e-01
  +2.49999284135e-01
  +2.49994705817e-01
  +2.49957417066e-01
  +2.49634108884e-01
  +2.47620634058e-01
  +2.42664146754e-01
  +2.19590060676e-01
  +1.80137837921e-01
  +1.31910432692e-01
  +7.90889440034e-02
  +2.36473577615e-02
  -3.33261865389e-02
  -9.11255324420e-02
  -1.49230048546e-01
  -2.07219388550e-01
  -2.64732761818e-01
  -3.21447953859e-01
  -3.77069910580e-01
  -4.31324298998e-01
  -4.83953813401e-01
  -5.34716069303e-01
  -5.83382450366e-01
  -6.29737543189e-01
  -6.73578941037e-01
  -7.14717280303e-01
  -7.52976422052e-01
  -7.88193720564e-01
  -8.20220339256e-01
  -8.48921586324e-01
  -8.74177250322e-01
  -8.95881921283e-01
  -9.13945286726e-01
  -9.28292394600e-01
  -9.38863877188e-01
  -9.45616131537e-01
  -9.48521453175e-01
  -9.47568120875e-01
  -9.42760431089e-01
  -9.34118681463e-01
  -9.21679103583e-01
  -9.05493745864e-01
  -8.85630308315e-01
  -8.62171931797e-01
  -8.35216945487e-01
  -8.04878577556e-01
  -7.71284635797e-01
  -7.34577167146e-01
  -6.94912108168e-01
  -6.52458942899e-01
  -6.07400390791e-01
  -5.59932156907e-01
  -5.10262790941e-01
  -4.58613724349e-01
  -4.05219591614e-01
  -3.50329003218e-01
  -2.94206044583e-01
  -2.37132967768e-01
  -1.79414906710e-01
  -1.21388171836e-01
  -6.34352174775e-02
  -6.01288145522e-03
  +5.02907956700e-02
  +1.04632007067e-01
  +1.55607692638e-01
  +2.00443054901e-01
  +2.33162834968e-01
  +2.47116168513e-01
  +2.49666513721e-01
  +2.49962599531e-01
  +2.49995568162e-01
  +2.49999435282e-01
  +2.49999921904e-01
  +2.49999988182e-01
  +2.49999998030e-01
  +2.49999999635e-01
  +2.49999999923e-01
  +2.49999999982e-01
  +2.49999999997e-01
  +2.49999999999e-01
  +2.49999999999e-01
  +2.50000000000e-01
  +2.50000000003e-01
  +2.49999999998e-01
  +2.50000000000e-01
  +2.50000000000e-01
  +2.50000000002e-01
  +2.50000000002e-01
  +2.50000000001e-01
  +2.50000000000e-01
  +2.50000000002e-01
  +2.50000000001e-01
  +2.50000000000e-01
  +2.50000000000e-01
  +2.49999999997e-01
  +2.49999999997e-01
  +2.49999999993e-01
  +2.49999999966e-01
  +2.49999999845e-01
  +2.49999999204e-01
  +2.49999995410e-01
  +2.49999970676e-01
  +2.49999793597e-01
  +2.49998411301e-01
  +2.49986737433e-01
  +2.49881291966e-01
  +2.48904032342e-01
  +2.41619016196e-01
  +2.16440459081e-01
  +1.75230640929e-01
  +1.25828101754e-01
  +7.22515341091e-02
  +1.63896258630e-02
  -4.07083762564e-02
  -9.83562000648e-02
  -1.56045198999e-01
  -2.13363676477e-01
  -2.69958188024e-01
  -3.25513536948e-01
  -3.79741855786e-01
  -4.32376430336e-01
  -4.83168146690e-01
  -5.31883457718e-01
  -5.78303262105e-01
  -6.22222346012e-01
  -6.63449177069e-01
  -7.01805919623e-01
  -7.37128586783e-01
  -7.69267273256e-01
  -7.98086430775e-01
  -8.23465159481e-01
  -8.45297496259e-01
  -8.63492686269e-01
  -8.77975427564e-01
  -8.88686081349e-01
  -8.95580842400e-01
  -8.98631865676e-01
  -8.97827346429e-01
  -8.93171552106e-01
  -8.84684805320e-01
  -8.72403418009e-01
  -8.56379577824e-01
  -8.36681188719e-01
  -8.13391668803e-01
  -7.86609709830e-01
  -7.56449004315e-01
  -7.23037948397e-01
  -6.86519331472e-01
  -6.47050027649e-01
  -6.04800709908e-01
  -5.59955616447e-01
  -5.12712411796e-01
  -4.63282205750e-01
  -4.11889826108e-01
  -3.58774495937e-01
  -3.04191160186e-01
  -2.48412874886e-01
  -1.91734987167e-01
  -1.34482454870e-01
  -7.70229522314e-02
  -1.97913224785e-02
  +3.66619309343e-02
  +9.15664313949e-02
</dep>
<dep B.Vt time>
  +2.50616574952e+00
  +2.58592689260e+00
  +2.64506613075e+00
  +2.70365955856e+00
  +2.76150331784e+00
  +2.81839999021e+00
  +2.87416096350e+00
  +2.94642033633e+00
  +3.01588143514e+00
  +3.06852391398e+00
  +3.11893373906e+00
  +3.16691098334e+00
  +3.21226531565e+00
  +3.25481675575e+00
  +3.29439638517e+00
  +3.33084701390e+00
  +3.36402380077e+00
  +3.39379482505e+00
  +3.42004160711e+00
  +3.44265957600e+00
  +3.46155848211e+00
  +3.47666275340e+00
  +3.48791179360e+00
  +3.49526022138e+00
  +3.49867804944e+00
  +3.49815080288e+00
  +3.49367957627e+00
  +3.48528102939e+00
  +3.47298732146e+00
  +3.45684598422e+00
  +3.43691973431e+00
  +3.41328622584e+00
  +3.38603774385e+00
  +3.35528084012e+00
  +3.32113591267e+00
  +3.28373673061e+00
  +3.24322990621e+00
  +3.19977431627e+00
  +3.15354047516e+00
  +3.10470986211e+00
  +3.05347420666e+00
  +3.00003474616e+00
  +2.94460155690e+00
  +2.89461758674e+00
  +2.86083514856e+00
  +2.80146180591e+00
  +2.74090685041e+00
  +2.67942100088e+00
  +2.61725268527e+00
  +2.55465034675e+00
  +2.49186288630e+00
  +2.42913928015e+00
  +2.36672787352e+00
  +2.30487554085e+00
  +2.24382679033e+00
  +2.18382284594e+00
  +2.12510072547e+00
  +2.06789232506e+00
  +2.01242351798e+00
  +1.95891327319e+00
  +1.90757279859e+00
  +1.85860471318e+00
  +1.81220225174e+00
  +1.76854850578e+00
  +1.72781570378e+00
  +1.69016453382e+00
  +1.65574351142e+00
  +1.62468839506e+00
  +1.59712165191e+00
  +1.57315197573e+00
  +1.55287385912e+00
  +1.53636722158e+00
  +1.52369709511e+00
  +1.51491336846e+00
  +1.51005059101e+00
  +1.50912783736e+00
  +1.51214863274e+00
  +1.51910093997e+00
  +1.52995720771e+00
  +1.54467448006e+00
  +1.56319456690e+00
  +1.58544427445e+00
  +1.61133569514e+00
  +1.64076655552e+00
  +1.67362062113e+00
  +1.70976815648e+00
  +1.74906643857e+00
  +1.79136032193e+00
  +1.83648285289e+00
  +1.88425593101e+00
  +1.93449101493e+00
  +1.98698987021e+00
  +2.04154535650e+00
  +2.09794225116e+00
  +2.15595810701e+00
  +2.21536414151e+00
  +2.27592615577e+00
  +2.33740548236e+00
  +2.39955996350e+00
  +2.46214496520e+00
  +2.52491444395e+00
  +2.58762210732e+00
  +2.65002277952e+00
  +2.71187428756e+00
  +2.77294066323e+00
  +2.83299600205e+00
  +2.89181856089e+00
  +2.94918137997e+00
  +3.00485806338e+00
  +3.05862799703e+00
  +3.11027799288e+00
  +3.15960321841e+00
  +3.20640801473e+00
  +3.25050666985e+00
  +3.29172415177e+00
  +3.32989679927e+00
  +3.36487296779e+00
  +3.39651362790e+00
  +3.42469291401e+00
  +3.44929862110e+00
  +3.47023264751e+00
  +3.48741138215e+00
  +3.50076603444e+00
  +3.51024290580e+00
  +3.51580360158e+00
  +3.51742518259e+00
  +3.51510025563e+00
  +3.50883700266e+00
  +3.49865914850e+00
  +3.48460586723e+00
  +3.46673162756e+00
  +3.44510597788e+00
  +3.41981327179e+00
  +3.39095233515e+00
  +3.35863607614e+00
  +3.32299103960e+00
  +3.28415690762e+00
  +3.24228594831e+00
  +3.19754241484e+00
  +3.15010189723e+00
  +3.10015062943e+00
  +3.04788475472e+00
  +2.99350955504e+00
  +2.93723867190e+00
  +2.87929355464e+00
  +2.81990485578e+00
  +2.75931829379e+00
  +2.69779031040e+00
  +2.63557485257e+00
  +2.57292281593e+00
  +2.51008420596e+00
  +2.44730856264e+00
  +2.38484455133e+00
  +2.32293924394e+00
  +2.26183727808e+00
  +2.20177996682e+00
  +2.14300439171e+00
  +2.08574249600e+00
  +2.03022018869e+00
  +1.97665646646e+00
  +1.92526255912e+00
  +1.87624110327e+00
  +1.82978534810e+00
  +1.78607839699e+00
  +1.74529248840e+00
  +1.70758831885e+00
  +1.67311441112e+00
  +1.64200652995e+00
  +1.61438714802e+00
  +1.59036496398e+00
  +1.57003447480e+00
  +1.55347560399e+00
  +1.54075338722e+00
  +1.53191771666e+00
  +1.52700314499e+00
  +1.52602874993e+00
  +1.52899805984e+00
  +1.53589904062e+00
  +1.54670414407e+00
  +1.56137041756e+00
  +1.57983967438e+00
  +1.60203872445e+00
  +1.62787966417e+00
  +1.65726022449e+00
  +1.69006417588e+00
  +1.72616178844e+00
  +1.76541034562e+00
  +1.80765470942e+00
  +1.85272793503e+00
  +1.90045193258e+00
  +1.95063817353e+00
  +2.00308843927e+00
  +2.05759560918e+00
  +2.11394448586e+00
  +2.17191265487e+00
  +2.23127137741e+00
  +2.29178651453e+00
  +2.35321948396e+00
  +2.41532825402e+00
  +2.47786838066e+00
  +2.54059416347e+00
</dep>
<dep C.Vt time>
  -5.00000000000e+00
  -5.00000000000e+00
  -5.00000000000e+00
  -5.00000000000e+00
  -5.00000000000e+00
  -5.00000000000e+00
  -5.00000000000e+00
  -5.00000000000e+00
  -5.00000000000e+00
  -5.00000000000e+00
  -5.00000000000e+00
  -5.00000000000e+00
  -5.00000000000e+00
  -5.00000000000e+00
  -5.00000000000e+00
  -5.00000000000e+00
  -5.00000000000e+00
  -5.00000000000e+00
  -5.00000000000e+00
  -5.00000000000e+00
  -5.00000000000e+00
  -5.00000000000e+00
  -5.00000000000e+00
  -5.00000000000e+00
  -5.00000000000e+00
  -5.00000000000e+00
  -5.00000000000e+00
  -5.00000000000e+00
  -5.00000000000e+00
  -5.00000000000e+00
  -5.00000000000e+00
  -5.00000000000e+00
  -5.00000000000e+00
  -5.00000000000e+00
  -5.00000000000e+00
  -5.00000000000e+00
  -5.00000000000e+00
  -5.00000000000e+00
  -5.00000000000e+00
  -5.00000000000e+00
  -5.00000000000e+00
  -5.00000000000e+00
  -5.00000000000e+00
  -5.00000000000e+00
  -5.00000000000e+00
  -5.00000000000e+00
  -5.00000000000e+00
  -5.00000000000e+00
  -5.00000000000e+00
  -5.00000000000e+00
  -5.00000000000e+00
  -5.00000000000e+00
  -5.00000000000e+00
  -5.00000000000e+00
  -5.00000000000e+00
  -5.00000000000e+00
  -5.00000000000e+00
  -5.00000000000e+00
  -5.00000000000e+00
  -5.00000000000e+00
  -5.00000000000e+00
  -5.00000000000e+00
  -5.00000000000e+00
  -5.00000000000e+00
  -5.00000000000e+00
  -5.00000000000e+00
  -5.00000000000e+00
  -5.00000000000e+00
  -5.00000000000e+00
  -5.00000000000e+00
  -5.00000000000e+00
  -5.00000000000e+00
  -5.00000000000e+00
  -5.00000000000e+00
  -5.00000000000e+00
  -5.00000000000e+00
  -5.00000000000e+00
  -5.00000000000e+00
  -5.00000000000e+00
  -5.00000000000e+00
  -5.00000000000e+00
  -5.00000000000e+00
  -5.00000000000e+00
  -5.00000000000e+00
  -5.00000000000e+00
  -5.00000000000e+00
  -5.00000000000e+00
  -5.00000000000e+00
  -5.00000000000e+00
  -5.00000000000e+00
  -5.00000000000e+00
  -5.00000000000e+00
  -5.00000000000e+00
  -5.00000000000e+00
  -5.00000000000e+00
  -5.00000000000e+00
  -5.00000000000e+00
  -5.00000000000e+00
  -5.00000000000e+00
  -5.00000000000e+00
  -5.00000000000e+00
  -5.00000000000e+00
  -5.00000000000e+00
  -5.00000000000e+00
  -5.00000000000e+00
  -5.00000000000e+00
  -5.00000000000e+00
  -5.00000000000e+00
  -5.00000000000e+00
  -5.00000000000e+00
  -5.00000000000e+00
  -5.00000000000e+00
  -5.00000000000e+00
  -5.00000000000e+00
  -5.00000000000e+00
  -5.00000000000e+00
  -5.00000000000e+00
  -5.00000000000e+00
  -5.00000000000e+00
  -5.00000000000e+00
  -5.00000000000e+00
  -5.00000000000e+00
  -5.00000000000e+00
  -5.00000000000e+00
  -5.00000000000e+00
  -5.00000000000e+00
  -5.00000000000e+00
  -5.00000000000e+00
  -5.00000000000e+00
  -5.00000000000e+00
  -5.00000000000e+00
  -5.00000000000e+00
  -5.00000000000e+00
  -5.00000000000e+00
  -5.00000000000e+00
  -5.00000000000e+00
  -5.00000000000e+00
  -5.00000000000e+00
  -5.00000000000e+00
  -5.00000000000e+00
  -5.00000000000e+00
  -5.00000000000e+00
  -5.00000000000e+00
  -5.00000000000e+00
  -5.00000000000e+00
  -5.00000000000e+00
  -5.00000000000e+00
  -5.00000000000e+00
  -5.00000000000e+00
  -5.00000000000e+00
  -5.00000000000e+00
  -5.00000000000e+00
  -5.00000000000e+00
  -5.00000000000e+00
  -5.00000000000e+00
  -5.00000000000e+00
  -5.00000000000e+00
  -5.00000000000e+00
  -5.00000000000e+00
  -5.00000000000e+00
  -5.00000000000e+00
  -5.00000000000e+00
  -5.00000000000e+00
  -5.00000000000e+00
  -5.00000000000e+00
  -5.00000000000e+00
  -5.00000000000e+00
  -5.00000000000e+00
  -5.00000000000e+00
  -5.00000000000e+00
  -5.00000000000e+00
  -5.00000000000e+00
  -5.00000000000e+00
  -5.00000000000e+00
  -5.00000000000e+00
  -5.00000000000e+00
  -5.00000000000e+00
  -5.00000000000e+00
  -5.00000000000e+00
  -5.00000000000e+00
  -5.00000000000e+00
  -5.00000000000e+00
  -5.00000000000e+00
  -5.00000000000e+00
  -5.00000000000e+00
  -5.00000000000e+00
  -5.00000000000e+00
  -5.00000000000e+00
  -5.00000000000e+00
  -5.00000000000e+00
  -5.00000000000e+00
  -5.00000000000e+00
  -5.00000000000e+00
  -5.00000000000e+00
  -5.00000000000e+00
  -5.00000000000e+00
  -5.00000000000e+00
  -5.00000000000e+00
  -5.00000000000e+00
  -5.00000000000e+00
  -5.00000000000e+00
</dep>
<dep _net0.Vt time>
  +5.00000000000e+00
  +5.00000000000e+00
  +5.00000000000e+00
  +5.00000000000e+00
  +5.00000000000e+00
  +5.00000000000e+00
  +5.00000000000e+00
  +5.00000000000e+00
  +5.00000000000e+00
  +5.00000000000e+00
  +5.00000000000e+00
  +5.00000000000e+00
  +5.00000000000e+00
  +5.00000000000e+00
  +5.00000000000e+00
  +5.00000000000e+00
  +5.00000000000e+00
  +5.00000000000e+00
  +5.00000000000e+00
  +5.00000000000e+00
  +5.00000000000e+00
  +5.00000000000e+00
  +5.00000000000e+00
  +5.00000000000e+00
  +5.00000000000e+00
  +5.00000000000e+00
  +5.00000000000e+00
  +5.00000000000e+00
  +5.00000000000e+00
  +5.00000000000e+00
  +5.00000000000e+00
  +5.00000000000e+00
  +5.00000000000e+00
  +5.00000000000e+00
  +5.00000000000e+00
  +5.00000000000e+00
  +5.00000000000e+00
  +5.00000000000e+00
  +5.00000000000e+00
  +5.00000000000e+00
  +5.00000000000e+00
  +5.00000000000e+00
  +5.00000000000e+00
  +5.00000000000e+00
  +5.00000000000e+00
  +5.00000000000e+00
  +5.00000000000e+00
  +5.00000000000e+00
  +5.00000000000e+00
  +5.00000000000e+00
  +5.00000000000e+00
  +5.00000000000e+00
  +5.00000000000e+00
  +5.00000000000e+00
  +5.00000000000e+00
  +5.00000000000e+00
  +5.00000000000e+00
  +5.00000000000e+00
  +5.00000000000e+00
  +5.00000000000e+00
  +5.00000000000e+00
  +5.00000000000e+00
  +5.00000000000e+00
  +5.00000000000e+00
  +5.00000000000e+00
  +5.00000000000e+00
  +5.00000000000e+00
  +5.00000000000e+00
  +5.00000000000e+00
  +5.00000000000e+00
  +5.00000000000e+00
  +5.00000000000e+00
  +5.00000000000e+00
  +5.00000000000e+00
  +5.00000000000e+00
  +5.00000000000e+00
  +5.00000000000e+00
  +5.00000000000e+00
  +5.00000000000e+00
  +5.00000000000e+00
  +5.00000000000e+00
  +5.00000000000e+00
  +5.00000000000e+00
  +5.00000000000e+00
  +5.00000000000e+00
  +5.00000000000e+00
  +5.00000000000e+00
  +5.00000000000e+00
  +5.00000000000e+00
  +5.00000000000e+00
  +5.00000000000e+00
  +5.00000000000e+00
  +5.00000000000e+00
  +5.00000000000e+00
  +5.00000000000e+00
  +5.00000000000e+00
  +5.00000000000e+00
  +5.00000000000e+00
  +5.00000000000e+00
  +5.00000000000e+00
  +5.00000000000e+00
  +5.00000000000e+00
  +5.00000000000e+00
  +5.00000000000e+00
  +5.00000000000e+00
  +5.00000000000e+00
  +5.00000000000e+00
  +5.00000000000e+00
  +5.00000000000e+00
  +5.00000000000e+00
  +5.00000000000e+00
  +5.00000000000e+00
  +5.00000000000e+00
  +5.00000000000e+00
  +5.00000000000e+00
  +5.00000000000e+00
  +5.00000000000e+00
  +5.00000000000e+00
  +5.00000000000e+00
  +5.00000000000e+00
  +5.00000000000e+00
  +5.00000000000e+00
  +5.00000000000e+00
  +5.00000000000e+00
  +5.00000000000e+00
  +5.00000000000e+00
  +5.00000000000e+00
  +5.00000000000e+00
  +5.00000000000e+00
  +5.00000000000e+00
  +5.00000000000e+00
  +5.00000000000e+00
  +5.00000000000e+00
  +5.00000000000e+00
  +5.00000000000e+00
  +5.00000000000e+00
  +5.00000000000e+00
  +5.00000000000e+00
  +5.00000000000e+00
  +5.00000000000e+00
  +5.00000000000e+00
  +5.00000000000e+00
  +5.00000000000e+00
  +5.00000000000e+00
  +5.00000000000e+00
  +5.00000000000e+00
  +5.00000000000e+00
  +5.00000000000e+00
  +5.00000000000e+00
  +5.00000000000e+00
  +5.00000000000e+00
  +5.00000000000e+00
  +5.00000000000e+00
  +5.00000000000e+00
  +5.00000000000e+00
  +5.00000000000e+00
  +5.00000000000e+00
  +5.00000000000e+00
  +5.00000000000e+00
  +5.00000000000e+00
  +5.00000000000e+00
  +5.00000000000e+00
  +5.00000000000e+00
  +5.00000000000e+00
  +5.00000000000e+00
  +5.00000000000e+00
  +5.00000000000e+00
  +5.00000000000e+00
  +5.00000000000e+00
  +5.00000000000e+00
  +5.00000000000e+00
  +5.00000000000e+00
  +5.00000000000e+00
  +5.00000000000e+00
  +5.00000000000e+00
  +5.00000000000e+00
  +5.00000000000e+00
  +5.00000000000e+00
  +5.00000000000e+00
  +5.00000000000e+00
  +5.00000000000e+00
  +5.00000000000e+00
  +5.00000000000e+00
  +5.00000000000e+00
  +5.00000000000e+00
  +5.00000000000e+00
  +5.00000000000e+00
  +5.00000000000e+00
  +5.00000000000e+00
  +5.00000000000e+00
  +5.00000000000e+00
  +5.00000000000e+00
  +5.00000000000e+00
  +5.00000000000e+00
  +5.00000000000e+00
  +5.00000000000e+00
  +5.00000000000e+00
  +5.00000000000e+00
  +5.00000000000e+00
  +5.00000000000e+00
  +5.00000000000e+00
</dep>
<indep V2.I 1>
  +2.49383425048e-04
</indep>
<indep V1.I 1>
  -5.00000000000e-04
</indep>
<indep VS.I 1>
  +0.00000000000e+00
</indep>
<indep _net1.V 1>
  +0.00000000000e+00
</indep>
<indep Vi.V 1>
  +0.00000000000e+00
</indep>
<indep E.V 1>
  +3.24423539156e+00
</indep>
<indep Vo.V 1>
  +0.00000000000e+00
</indep>
<indep B.V 1>
  +2.50616574952e+00
</indep>
<indep C.V 1>
  -5.00000000000e+00
</indep>
<indep _net0.V 1>
  +5.00000000000e+00
</indep>
