x-axis-Sec	ch1	ch2
-6.04E-008	5.063	-0.0025
-6.035E-008	5.063	-0.065
-6.03E-008	5	0.06
-6.025E-008	5	-0.065
-6.02E-008	5.063	-0.0025
-6.015E-008	5.063	0.06
-6.01E-008	5	0.06
-6.005E-008	5.125	-0.065
-0.00000006	5.125	0.06
-0.00000006	5.063	-0.0025
-5.99E-008	5.063	0.06
-5.985E-008	5.063	-0.065
-5.98E-008	5.125	-0.0025
-5.975E-008	5.063	-0.0025
-5.97E-008	5.063	-0.065
-5.965E-008	5	-0.0025
-5.96E-008	5.063	-0.065
-5.955E-008	5.063	0.06
-5.95E-008	5.063	-0.065
-5.945E-008	5.063	-0.065
-5.94E-008	5.063	-0.065
-5.935E-008	5	0.06
-5.93E-008	5.125	-0.0025
-5.925E-008	5.063	-0.065
-5.92E-008	5	-0.0025
-5.915E-008	5.125	-0.065
-5.91E-008	5.063	-0.065
-5.905E-008	5.063	-0.065
-0.000000059	5.063	-0.065
-0.000000059	5.063	0.06
-5.89E-008	5.063	0.06
-5.885E-008	5.063	-0.0025
-5.88E-008	5.063	-0.0025
-5.875E-008	5	-0.0025
-5.87E-008	5.063	-0.0025
-5.865E-008	5.063	0.06
-5.86E-008	5.063	-0.0025
-5.855E-008	5.188	-0.065
-5.85E-008	5.063	-0.0025
-5.845E-008	5.063	-0.0025
-5.84E-008	5.063	-0.065
-5.835E-008	5.125	-0.0025
-5.83E-008	5.063	-0.065
-5.825E-008	5.063	-0.0025
-5.82E-008	5.063	-0.065
-5.815E-008	5.063	0.06
-5.81E-008	5.125	-0.065
-5.805E-008	5.063	-0.065
-0.000000058	5.125	-0.065
-0.000000058	5.063	-0.0025
-5.79E-008	5.188	-0.065
-5.785E-008	5.063	-0.0025
-5.78E-008	5.063	-0.065
-5.775E-008	5.063	-0.065
-5.77E-008	5.063	-0.065
-5.765E-008	5.063	0.06
-5.76E-008	5.063	-0.0025
-5.755E-008	5.063	-0.065
-5.75E-008	5.125	-0.065
-5.745E-008	5.063	-0.065
-5.74E-008	5.063	0.06
-5.735E-008	5.063	-0.065
-5.73E-008	5.063	-0.065
-5.725E-008	5.063	-0.0025
-5.72E-008	5.188	-0.0025
-5.715E-008	5.063	-0.0025
-5.71E-008	5	-0.0025
-5.705E-008	5	-0.0025
-0.000000057	5.063	-0.0025
-0.000000057	5.063	-0.0025
-5.69E-008	5	0.06
-5.685E-008	5.125	-0.065
-5.68E-008	5.063	-0.0025
-5.675E-008	5	-0.065
-5.67E-008	5.063	-0.0025
-5.665E-008	5.063	-0.065
-5.66E-008	5.125	-0.065
-5.655E-008	5.125	-0.0025
-5.65E-008	5.063	0.06
-5.645E-008	5	-0.065
-5.64E-008	5	-0.065
-5.635E-008	5	-0.065
-5.63E-008	5.063	-0.065
-5.625E-008	5.063	-0.065
-5.62E-008	5.063	-0.0025
-5.615E-008	5	-0.0025
-5.61E-008	5	-0.0025
-5.605E-008	5.063	0.06
-0.000000056	5.063	-0.0025
-0.000000056	5.063	-0.0025
-5.59E-008	5.063	-0.065
-5.585E-008	5.063	-0.065
-5.58E-008	5.063	-0.0025
-5.575E-008	5.063	-0.0025
-5.57E-008	5	-0.0025
-5.565E-008	5.125	-0.0025
-5.56E-008	5.125	-0.065
-5.555E-008	5.063	-0.065
-5.55E-008	5	-0.065
-5.545E-008	5.063	-0.0025
-5.54E-008	5.063	-0.065
-5.535E-008	5	-0.065
-5.53E-008	5.125	-0.0025
-5.525E-008	5.125	-0.0025
-5.52E-008	5	-0.0025
-5.515E-008	5.063	-0.065
-5.51E-008	5.063	-0.065
-5.505E-008	5.063	-0.065
-0.000000055	5.063	-0.0025
-0.000000055	5.063	-0.065
-5.49E-008	5.063	-0.0025
-5.485E-008	5.063	-0.0025
-5.48E-008	5.063	-0.065
-5.475E-008	5.063	0.06
-5.47E-008	5	-0.0025
-5.465E-008	5	0.06
-5.46E-008	5.188	-0.0025
-5.455E-008	5.063	-0.0025
-5.45E-008	5.125	-0.0025
-5.445E-008	5.188	-0.0025
-5.44E-008	5.063	-0.065
-5.435E-008	5.063	-0.0025
-5.43E-008	5	0.06
-5.425E-008	5	-0.065
-5.42E-008	5	-0.065
-5.415E-008	5.063	-0.065
-5.41E-008	5.063	-0.0025
-5.405E-008	5.063	-0.0025
-0.000000054	5.063	-0.0025
-0.000000054	5.063	-0.065
-5.39E-008	5.063	-0.065
-5.385E-008	5.063	-0.065
-5.38E-008	4.938	-0.065
-5.375E-008	5.125	-0.0025
-5.37E-008	5	-0.065
-5.365E-008	5.125	-0.0025
-5.36E-008	5.063	-0.0025
-5.355E-008	5.063	-0.0025
-5.35E-008	5.063	-0.0025
-5.345E-008	5.063	0.06
-5.34E-008	5.063	-0.0025
-5.335E-008	5.063	-0.0025
-5.33E-008	5	-0.065
-5.325E-008	5.063	-0.0025
-5.32E-008	5.125	-0.065
-5.315E-008	5.125	-0.065
-5.31E-008	5.063	-0.0025
-5.305E-008	5.125	-0.065
-0.000000053	5.125	-0.0025
-0.000000053	5.063	-0.0025
-5.29E-008	5	-0.0025
-5.285E-008	5.063	0.06
-5.28E-008	5.063	-0.0025
-5.275E-008	5.063	-0.065
-5.27E-008	5	0.06
-5.265E-008	5.063	-0.065
-5.26E-008	5.188	-0.0025
-5.255E-008	5	-0.065
-5.25E-008	5.063	-0.0025
-5.245E-008	5.125	-0.065
-5.24E-008	5.063	-0.065
-5.235E-008	5.063	-0.065
-5.23E-008	5.063	-0.0025
-5.225E-008	5	-0.065
-5.22E-008	5.063	-0.065
-5.215E-008	5.063	-0.0025
-5.21E-008	5.063	-0.0025
-5.205E-008	5.125	-0.0025
-0.000000052	5	-0.0025
-0.000000052	5	-0.065
-5.19E-008	5.063	-0.0025
-5.185E-008	5.063	-0.0025
-5.18E-008	5.125	-0.0025
-5.175E-008	5.125	-0.0025
-5.17E-008	5	-0.0025
-5.165E-008	5.063	-0.0025
-5.16E-008	5.063	-0.065
-5.155E-008	5.125	-0.065
-5.15E-008	5	-0.0025
-5.145E-008	5.063	-0.0025
-5.14E-008	5.125	-0.065
-5.135E-008	5.063	0.06
-5.13E-008	5.063	-0.065
-5.125E-008	5.125	-0.065
-5.12E-008	5.125	-0.0025
-5.115E-008	5.125	-0.0025
-5.11E-008	5	-0.065
-5.105E-008	5.063	-0.065
-0.000000051	5.125	-0.0025
-0.000000051	5.063	-0.065
-5.09E-008	5.125	-0.0025
-5.085E-008	5.063	-0.0025
-5.08E-008	5.063	-0.0025
-5.075E-008	5.125	0.06
-5.07E-008	5	-0.0025
-5.065E-008	5.063	-0.0025
-5.06E-008	5.063	-0.0025
-5.055E-008	5	-0.065
-5.05E-008	5.125	-0.0025
-5.045E-008	5.063	0.06
-5.04E-008	5.063	-0.065
-5.035E-008	5	-0.0025
-5.03E-008	5.125	-0.0025
-5.025E-008	5.063	-0.0025
-5.02E-008	5.125	-0.065
-5.015E-008	5.063	-0.065
-5.01E-008	5.063	-0.065
-5.005E-008	5.063	-0.0025
-0.00000005	5.063	-0.065
-0.00000005	5.063	-0.065
-4.99E-008	5.063	-0.065
-4.985E-008	5.063	-0.0025
-4.98E-008	5	-0.0025
-4.975E-008	5	-0.065
-4.97E-008	5.063	-0.0025
-4.965E-008	5.063	-0.065
-4.96E-008	5.188	-0.0025
-4.955E-008	5.063	-0.065
-4.95E-008	5.063	-0.0025
-4.945E-008	5.063	-0.0025
-4.94E-008	5.063	0.06
-4.935E-008	5.063	-0.065
-4.93E-008	5.063	-0.065
-4.925E-008	5.063	-0.065
-4.92E-008	5.125	-0.065
-4.915E-008	5.063	-0.0025
-4.91E-008	5.063	-0.0025
-4.905E-008	5.063	-0.0025
-0.000000049	5.188	-0.0025
-0.000000049	5.063	-0.065
-4.89E-008	5	-0.0025
-4.885E-008	5.063	-0.0025
-4.88E-008	5	-0.0025
-4.875E-008	5.125	-0.0025
-4.87E-008	5.063	-0.0025
-4.865E-008	5.063	-0.065
-4.86E-008	5	-0.0025
-4.855E-008	5.063	-0.0025
-4.85E-008	5	-0.065
-4.845E-008	5	-0.065
-4.84E-008	5.063	-0.0025
-4.835E-008	5.063	-0.065
-4.83E-008	5.063	-0.065
-4.825E-008	5	-0.0025
-4.82E-008	5.063	-0.0025
-4.815E-008	5.125	-0.065
-4.81E-008	5.063	0.06
-4.805E-008	5.063	0.06
-0.000000048	5	-0.0025
-0.000000048	5.063	-0.065
-4.79E-008	5	-0.0025
-4.785E-008	5.063	-0.0025
-4.78E-008	5.063	-0.065
-4.775E-008	5.063	-0.0025
-4.77E-008	5	-0.0025
-4.765E-008	5	-0.0025
-4.76E-008	5	-0.0025
-4.755E-008	5.063	-0.0025
-4.75E-008	5.063	-0.0025
-4.745E-008	5.063	-0.0025
-4.74E-008	5.063	-0.065
-4.735E-008	5.063	-0.0025
-4.73E-008	5.063	-0.0025
-4.725E-008	5.125	-0.065
-4.72E-008	5.063	-0.065
-4.715E-008	5.063	-0.065
-4.71E-008	5.125	-0.065
-4.705E-008	5.063	-0.0025
-0.000000047	5.063	-0.0025
-0.000000047	5.063	-0.0025
-4.69E-008	5.063	-0.0025
-4.685E-008	5.063	-0.0025
-4.68E-008	5.063	-0.065
-4.675E-008	5.063	-0.0025
-4.67E-008	5.125	-0.065
-4.665E-008	5.125	0.06
-4.66E-008	5.063	-0.0025
-4.655E-008	5.125	-0.065
-4.65E-008	5.063	-0.0025
-4.645E-008	5.063	-0.0025
-4.64E-008	5.063	0.06
-4.635E-008	5.063	-0.0025
-4.63E-008	5	-0.0025
-4.625E-008	5.063	-0.0025
-4.62E-008	5.063	-0.065
-4.615E-008	5.063	-0.065
-4.61E-008	5.063	-0.0025
-4.605E-008	5.063	-0.065
-0.000000046	5	-0.065
-0.000000046	5.063	-0.065
-4.59E-008	5.063	-0.065
-4.585E-008	5.063	-0.065
-4.58E-008	5.125	-0.0025
-4.575E-008	5.063	-0.0025
-4.57E-008	5.063	-0.0025
-4.565E-008	5.125	-0.0025
-4.56E-008	5	0.06
-4.555E-008	5.063	-0.0025
-4.55E-008	5.063	-0.065
-4.545E-008	5	-0.065
-4.54E-008	5.125	-0.0025
-4.535E-008	5	-0.0025
-4.53E-008	5.063	-0.065
-4.525E-008	4.938	-0.065
-4.52E-008	5.063	0.06
-4.515E-008	5	-0.065
-4.51E-008	5	-0.0025
-4.505E-008	5.063	-0.065
-0.000000045	5.063	-0.065
-0.000000045	5.063	-0.0025
-4.49E-008	5.063	-0.0025
-4.485E-008	5.063	-0.0025
-4.48E-008	5	-0.0025
-4.475E-008	5.063	-0.065
-4.47E-008	5	-0.065
-4.465E-008	5.063	-0.065
-4.46E-008	5	-0.0025
-4.455E-008	5	-0.0025
-4.45E-008	5.063	-0.0025
-4.445E-008	5	-0.065
-4.44E-008	5	-0.0025
-4.435E-008	5.063	-0.065
-4.43E-008	5.063	-0.0025
-4.425E-008	5.063	-0.0025
-4.42E-008	5.063	-0.065
-4.415E-008	5.063	-0.0025
-4.41E-008	5.125	0.06
-4.405E-008	5	-0.0025
-0.000000044	5	-0.065
-0.000000044	5	-0.0025
-4.39E-008	5	-0.065
-4.385E-008	5.063	-0.0025
-4.38E-008	5	-0.0025
-4.375E-008	5.063	-0.0025
-4.37E-008	5.063	-0.0025
-4.365E-008	5.063	-0.065
-4.36E-008	5.063	-0.065
-4.355E-008	5.063	0.06
-4.35E-008	5	0.06
-4.345E-008	5.063	-0.0025
-4.34E-008	5	-0.065
-4.335E-008	5	-0.065
-4.33E-008	5.063	-0.0025
-4.325E-008	5.063	-0.0025
-4.32E-008	4.938	-0.0025
-4.315E-008	5.063	-0.0025
-4.31E-008	5	-0.0025
-4.305E-008	4.938	-0.0025
-0.000000043	5	-0.065
-0.000000043	5	-0.065
-4.29E-008	5.063	-0.065
-4.285E-008	5.063	-0.0025
-4.28E-008	5.063	0.06
-4.275E-008	5	-0.065
-4.27E-008	4.938	-0.0025
-4.265E-008	5	-0.0025
-4.26E-008	5	-0.065
-4.255E-008	5.125	0.06
-4.25E-008	4.938	-0.065
-4.245E-008	5	-0.0025
-4.24E-008	5.063	-0.0025
-4.235E-008	5	-0.0025
-4.23E-008	4.938	-0.065
-4.225E-008	5	-0.1275
-4.22E-008	5	-0.065
-4.215E-008	5	-0.065
-4.21E-008	5	-0.0025
-4.205E-008	5	-0.0025
-0.000000042	5	-0.0025
-0.000000042	5	-0.065
-4.19E-008	4.938	-0.065
-4.185E-008	4.938	-0.0025
-4.18E-008	4.938	-0.065
-4.175E-008	5	-0.0025
-4.17E-008	5	-0.1275
-4.165E-008	5.063	-0.065
-4.16E-008	5.063	-0.0025
-4.155E-008	5.063	-0.0025
-4.15E-008	5	-0.0025
-4.145E-008	4.938	-0.065
-4.14E-008	5	-0.0025
-4.135E-008	4.938	-0.065
-4.13E-008	5	-0.0025
-4.125E-008	5.063	-0.065
-4.12E-008	4.938	-0.065
-4.115E-008	4.938	-0.065
-4.11E-008	4.938	-0.065
-4.105E-008	4.938	-0.0025
-0.000000041	4.938	-0.0025
-0.000000041	4.938	-0.065
-4.09E-008	5	-0.0025
-4.085E-008	5	-0.1275
-4.08E-008	4.938	-0.065
-4.075E-008	4.938	-0.065
-4.07E-008	5.063	-0.065
-4.065E-008	4.938	-0.065
-4.06E-008	4.938	-0.1275
-4.055E-008	4.938	-0.0025
-4.05E-008	4.875	-0.065
-4.045E-008	4.875	-0.065
-4.04E-008	4.938	-0.0025
-4.035E-008	5	-0.1275
-4.03E-008	4.938	-0.0025
-4.025E-008	4.875	-0.065
-4.02E-008	4.75	-0.0025
-4.015E-008	4.875	-0.0025
-4.01E-008	4.875	-0.065
-4.005E-008	4.938	-0.065
-0.00000004	4.938	-0.1275
-0.00000004	4.813	-0.065
-3.99E-008	4.875	-0.0025
-3.985E-008	4.938	-0.1275
-3.98E-008	4.938	-0.0025
-3.975E-008	5	-0.065
-3.97E-008	4.875	-0.1275
-3.965E-008	4.938	-0.0025
-3.96E-008	4.875	-0.065
-3.955E-008	4.875	-0.0025
-3.95E-008	4.875	-0.0025
-3.945E-008	4.875	-0.1275
-3.94E-008	4.813	-0.065
-3.935E-008	4.813	-0.1275
-3.93E-008	4.688	-0.0025
-3.925E-008	4.875	-0.1275
-3.92E-008	4.875	-0.0025
-3.915E-008	4.813	-0.19
-3.91E-008	4.875	-0.065
-3.905E-008	4.75	-0.065
-0.000000039	4.813	-0.065
-0.000000039	4.688	-0.1275
-3.89E-008	4.875	-0.1275
-3.885E-008	4.813	-0.1275
-3.88E-008	4.813	-0.1275
-3.875E-008	4.813	-0.1275
-3.87E-008	4.875	-0.065
-3.865E-008	4.75	-0.1275
-3.86E-008	4.813	-0.1275
-3.855E-008	4.563	-0.065
-3.85E-008	4.688	-0.065
-3.845E-008	4.75	-0.1275
-3.84E-008	4.813	-0.19
-3.835E-008	4.75	-0.19
-3.83E-008	4.75	-0.19
-3.825E-008	4.75	-0.1275
-3.82E-008	4.75	-0.1275
-3.815E-008	4.813	-0.065
-3.81E-008	4.75	-0.1275
-3.805E-008	4.75	-0.1275
-0.000000038	4.75	-0.1275
-0.000000038	4.75	-0.1275
-3.79E-008	4.625	-0.19
-3.785E-008	4.563	-0.065
-3.78E-008	4.813	-0.0025
-3.775E-008	4.688	-0.19
-3.77E-008	4.625	-0.1275
-3.765E-008	4.75	-0.19
-3.76E-008	4.563	-0.1275
-3.755E-008	4.688	-0.1275
-3.75E-008	4.688	-0.1275
-3.745E-008	4.625	-0.065
-3.74E-008	4.625	-0.1275
-3.735E-008	4.625	-0.19
-3.73E-008	4.625	-0.19
-3.725E-008	4.625	-0.065
-3.72E-008	4.625	-0.1275
-3.715E-008	4.563	-0.1275
-3.71E-008	4.625	-0.1275
-3.705E-008	4.625	-0.1275
-0.000000037	4.563	-0.1275
-0.000000037	4.563	-0.1275
-3.69E-008	4.625	-0.1275
-3.685E-008	4.625	-0.1275
-3.68E-008	4.625	-0.1275
-3.675E-008	4.563	-0.19
-3.67E-008	4.75	-0.1275
-3.665E-008	4.625	-0.19
-3.66E-008	4.563	-0.1275
-3.655E-008	4.5	-0.1275
-3.65E-008	4.625	-0.19
-3.645E-008	4.563	-0.2525
-3.64E-008	4.375	-0.19
-3.635E-008	4.438	-0.1275
-3.63E-008	4.563	-0.19
-3.625E-008	4.375	-0.1275
-3.62E-008	4.5	-0.1275
-3.615E-008	4.5	-0.1275
-3.61E-008	4.5	-0.19
-3.605E-008	4.375	-0.1275
-0.000000036	4.563	-0.1275
-0.000000036	4.375	-0.1275
-3.59E-008	4.563	-0.19
-3.585E-008	4.438	-0.19
-3.58E-008	4.5	-0.19
-3.575E-008	4.438	-0.19
-3.57E-008	4.5	-0.1275
-3.565E-008	4.313	-0.1275
-3.56E-008	4.375	-0.2525
-3.555E-008	4.5	-0.19
-3.55E-008	4.25	-0.19
-3.545E-008	4.375	-0.19
-3.54E-008	4.375	-0.2525
-3.535E-008	4.5	-0.19
-3.53E-008	4.375	-0.19
-3.525E-008	4.5	-0.19
-3.52E-008	4.313	-0.19
-3.515E-008	4.313	-0.2525
-3.51E-008	4.063	-0.2525
-3.505E-008	4.438	-0.19
-0.000000035	4.188	-0.19
-0.000000035	4.25	-0.315
-3.49E-008	4.25	-0.2525
-3.485E-008	4.375	-0.19
-3.48E-008	4.375	-0.2525
-3.475E-008	4.313	-0.19
-3.47E-008	4.313	-0.1275
-3.465E-008	4.375	-0.1275
-3.46E-008	4.375	-0.1275
-3.455E-008	4.25	-0.2525
-3.45E-008	4.25	-0.19
-3.445E-008	4.25	-0.2525
-3.44E-008	4.188	-0.2525
-3.435E-008	4.313	-0.1275
-3.43E-008	4.125	-0.2525
-3.425E-008	4.063	-0.1275
-3.42E-008	4.188	-0.2525
-3.415E-008	4.063	-0.1275
-3.41E-008	4.25	-0.19
-3.405E-008	4.125	-0.315
-0.000000034	4.063	-0.19
-0.000000034	4.125	-0.2525
-3.39E-008	4.25	-0.19
-3.385E-008	4.125	-0.315
-3.38E-008	4.125	-0.2525
-3.375E-008	3.938	-0.19
-3.37E-008	4.125	-0.2525
-3.365E-008	4.063	-0.2525
-3.36E-008	4.063	-0.2525
-3.355E-008	4.125	-0.2525
-3.35E-008	4.125	-0.19
-3.345E-008	4.063	-0.315
-3.34E-008	4.125	-0.1275
-3.335E-008	4	-0.19
-3.33E-008	3.938	-0.2525
-3.325E-008	3.75	-0.2525
-3.32E-008	4.125	-0.2525
-3.315E-008	4	-0.2525
-3.31E-008	4.125	-0.315
-3.305E-008	4	-0.2525
-0.000000033	3.938	-0.19
-0.000000033	4	-0.19
-3.29E-008	4.063	-0.19
-3.285E-008	4.125	-0.19
-3.28E-008	3.875	-0.19
-3.275E-008	3.75	-0.315
-3.27E-008	3.75	-0.2525
-3.265E-008	3.688	-0.315
-3.26E-008	3.75	-0.315
-3.255E-008	3.813	-0.315
-3.25E-008	3.813	-0.315
-3.245E-008	3.75	-0.3775
-3.24E-008	3.875	-0.2525
-3.235E-008	3.875	-0.2525
-3.23E-008	3.938	-0.315
-3.225E-008	3.75	-0.315
-3.22E-008	3.625	-0.315
-3.215E-008	3.625	-0.2525
-3.21E-008	3.813	-0.315
-3.205E-008	3.75	-0.315
-0.000000032	3.688	-0.315
-0.000000032	3.688	-0.315
-3.19E-008	3.688	-0.315
-3.185E-008	3.688	-0.3775
-3.18E-008	3.688	-0.315
-3.175E-008	3.688	-0.3775
-3.17E-008	3.625	-0.19
-3.165E-008	3.688	-0.19
-3.16E-008	3.375	-0.2525
-3.155E-008	3.5	-0.3775
-3.15E-008	3.438	-0.3775
-3.145E-008	3.75	-0.315
-3.14E-008	3.625	-0.44
-3.135E-008	3.5	-0.3775
-3.13E-008	3.563	-0.3775
-3.125E-008	3.625	-0.19
-3.12E-008	3.688	-0.2525
-3.115E-008	3.5	-0.315
-3.11E-008	3.375	-0.3775
-3.105E-008	3.5	-0.315
-0.000000031	3.375	-0.2525
-0.000000031	3.25	-0.315
-3.09E-008	3.563	-0.315
-3.085E-008	3.563	-0.44
-3.08E-008	3.375	-0.3775
-3.075E-008	3.438	-0.2525
-3.07E-008	3.5	-0.315
-3.065E-008	3.25	-0.2525
-3.06E-008	3.25	-0.3775
-3.055E-008	3.5	-0.3775
-3.05E-008	3.063	-0.3775
-3.045E-008	3.188	-0.2525
-3.04E-008	3.188	-0.315
-3.035E-008	3.563	-0.2525
-3.03E-008	3.25	-0.315
-3.025E-008	3.25	-0.3775
-3.02E-008	2.938	-0.315
-3.015E-008	3.125	-0.315
-3.01E-008	3.25	-0.315
-3.005E-008	3.5	-0.3775
-0.00000003	3.25	-0.3775
-0.00000003	3.5	-0.44
-2.99E-008	3.125	-0.2525
-2.985E-008	3.188	-0.315
-2.98E-008	3.125	-0.3775
-2.975E-008	3.563	-0.44
-2.97E-008	3.313	-0.3775
-2.965E-008	3.25	-0.44
-2.96E-008	3.25	-0.3775
-2.955E-008	3.188	-0.3775
-2.95E-008	3.125	-0.3775
-2.945E-008	2.938	-0.3775
-2.94E-008	3.125	-0.3775
-2.935E-008	2.75	-0.44
-2.93E-008	3.063	-0.3775
-2.925E-008	3.125	-0.44
-2.92E-008	3	-0.44
-2.915E-008	2.938	-0.3775
-2.91E-008	3	-0.3775
-2.905E-008	2.875	-0.3775
-0.000000029	3	-0.44
-0.000000029	2.625	-0.44
-2.89E-008	2.875	-0.3775
-2.885E-008	2.688	-0.5025
-2.88E-008	3	-0.44
-2.875E-008	3	-0.5025
-2.87E-008	2.875	-0.315
-2.865E-008	2.688	-0.5025
-2.86E-008	2.813	-0.44
-2.855E-008	2.313	-0.44
-2.85E-008	2.688	-0.44
-2.845E-008	2.813	-0.3775
-2.84E-008	2.625	-0.44
-2.835E-008	2.625	-0.5025
-2.83E-008	3.188	-0.5025
-2.825E-008	2.5	-0.5025
-2.82E-008	3.063	-0.5025
-2.815E-008	2.563	-0.3775
-2.81E-008	2.5	-0.5025
-2.805E-008	2.188	-0.3775
-0.000000028	2.563	-0.3775
-0.000000028	2.625	-0.44
-2.79E-008	2.438	-0.5025
-2.785E-008	2.25	-0.44
-2.78E-008	2.625	-0.44
-2.775E-008	2.125	-0.44
-2.77E-008	2.375	-0.3775
-2.765E-008	2.563	-0.5025
-2.76E-008	2.5	-0.5025
-2.755E-008	2.438	-0.5025
-2.75E-008	2.438	-0.5025
-2.745E-008	2.313	-0.5025
-2.74E-008	2.375	-0.5025
-2.735E-008	2.313	-0.44
-2.73E-008	2.188	-0.5025
-2.725E-008	2.25	-0.5025
-2.72E-008	2.188	-0.565
-2.715E-008	2.313	-0.44
-2.71E-008	2.313	-0.5025
-2.705E-008	2.188	-0.44
-0.000000027	2.375	-0.5025
-0.000000027	2.125	-0.5025
-2.69E-008	2.25	-0.565
-2.685E-008	2.313	-0.5025
-2.68E-008	1.563	-0.5025
-2.675E-008	2.188	-0.5025
-2.67E-008	2.438	-0.44
-2.665E-008	2.375	-0.5025
-2.66E-008	2.188	-0.5025
-2.655E-008	2.063	-0.5025
-2.65E-008	2.25	-0.5025
-2.645E-008	2.438	-0.5025
-2.64E-008	1.688	-0.5025
-2.635E-008	2.063	-0.44
-2.63E-008	2.063	-0.5025
-2.625E-008	2.063	-0.5025
-2.62E-008	2.063	-0.5025
-2.615E-008	1.875	-0.565
-2.61E-008	1.938	-0.565
-2.605E-008	1.375	-0.565
-0.000000026	2.125	-0.565
-0.000000026	1.688	-0.5025
-2.59E-008	1.688	-0.5025
-2.585E-008	1.625	-0.565
-2.58E-008	1.938	-0.5025
-2.575E-008	1.563	-0.5025
-2.57E-008	2.125	-0.5025
-2.565E-008	1.625	-0.565
-2.56E-008	1.938	-0.565
-2.555E-008	2.125	-0.565
-2.55E-008	1.688	-0.5025
-2.545E-008	1.625	-0.565
-2.54E-008	1.813	-0.565
-2.535E-008	1.875	-0.565
-2.53E-008	1.875	-0.6275
-2.525E-008	1.688	-0.565
-2.52E-008	1.563	-0.565
-2.515E-008	1.438	-0.6275
-2.51E-008	1.625	-0.565
-2.505E-008	1.813	-0.565
-0.000000025	1.438	-0.565
-0.000000025	1.563	-0.565
-2.49E-008	1.438	-0.565
-2.485E-008	1.688	-0.565
-2.48E-008	1.563	-0.5025
-2.475E-008	1.438	-0.5025
-2.47E-008	1.625	-0.5025
-2.465E-008	1.688	-0.5025
-2.46E-008	1.625	-0.5025
-2.455E-008	1.438	-0.69
-2.45E-008	1.375	-0.69
-2.445E-008	1.188	-0.565
-2.44E-008	1.813	-0.69
-2.435E-008	1.563	-0.565
-2.43E-008	1.563	-0.69
-2.425E-008	1.375	-0.5025
-2.42E-008	1.375	-0.565
-2.415E-008	1.5	-0.5025
-2.41E-008	1.375	-0.5025
-2.405E-008	1	-0.69
-0.000000024	1.188	-0.565
-0.000000024	1	-0.69
-2.39E-008	1.25	-0.69
-2.385E-008	1.125	-0.69
-2.38E-008	1.125	-0.6275
-2.375E-008	0.875	-0.6275
-2.37E-008	1.188	-0.565
-2.365E-008	1.063	-0.6275
-2.36E-008	1.188	-0.69
-2.355E-008	0.9375	-0.565
-2.35E-008	0.9375	-0.6275
-2.345E-008	1.25	-0.565
-2.34E-008	0.875	-0.565
-2.335E-008	0.375	-0.565
-2.33E-008	1.063	-0.69
-2.325E-008	0.875	-0.565
-2.32E-008	1.063	-0.69
-2.315E-008	0.9375	-0.69
-2.31E-008	1.125	-0.69
-2.305E-008	0.875	-0.69
-0.000000023	0.75	-0.6275
-0.000000023	0.9375	-0.6275
-2.29E-008	0.9375	-0.565
-2.285E-008	1.125	-0.6275
-2.28E-008	0.9375	-0.6275
-2.275E-008	0.875	-0.6275
-2.27E-008	0.875	-0.6275
-2.265E-008	0.6875	-0.69
-2.26E-008	0.5625	-0.6275
-2.255E-008	0.6875	-0.6275
-2.25E-008	0.5	-0.69
-2.245E-008	1.125	-0.69
-2.24E-008	0.75	-0.565
-2.235E-008	0.5625	-0.69
-2.23E-008	0.625	-0.6275
-2.225E-008	0.75	-0.69
-2.22E-008	0.75	-0.565
-2.215E-008	0.8125	-0.6275
-2.21E-008	0.6875	-0.69
-2.205E-008	0.8125	-0.6275
-0.000000022	0.625	-0.69
-0.000000022	0.625	-0.6275
-2.19E-008	0.5625	-0.6275
-2.185E-008	0.4375	-0.6275
-2.18E-008	0.625	-0.6275
-2.175E-008	0.0625	-0.69
-2.17E-008	0.6875	-0.565
-2.165E-008	0.5625	-0.565
-2.16E-008	0.125	-0.6275
-2.155E-008	0.375	-0.69
-2.15E-008	0.375	-0.69
-2.145E-008	0.75	-0.69
-2.14E-008	0.375	-0.69
-2.135E-008	0.4375	-0.6275
-2.13E-008	0.3125	-0.7525
-2.125E-008	0.3125	-0.69
-2.12E-008	0.5	-0.6275
-2.115E-008	0.4375	-0.6275
-2.11E-008	0.3125	-0.69
-2.105E-008	0.3125	-0.69
-0.000000021	0.25	-0.69
-0.000000021	0.0625	-0.69
-2.09E-008	0.375	-0.69
-2.085E-008	0.3125	-0.6275
-2.08E-008	0.1875	-0.69
-2.075E-008	0.3125	-0.6275
-2.07E-008	0.3125	-0.6275
-2.065E-008	0.1875	-0.6275
-2.06E-008	0.25	-0.69
-2.055E-008	0.375	-0.69
-2.05E-008	-0.0625	-0.69
-2.045E-008	0.25	-0.6275
-2.04E-008	0	-0.69
-2.035E-008	0.375	-0.6275
-2.03E-008	0.125	-0.69
-2.025E-008	0.0625	-0.6275
-2.02E-008	-0.25	-0.69
-2.015E-008	0	-0.69
-2.01E-008	0.0625	-0.69
-2.005E-008	0.375	-0.6275
-0.00000002	0.125	-0.6275
-0.00000002	-0.25	-0.69
-1.99E-008	0.0625	-0.69
-1.985E-008	0.0625	-0.6275
-1.98E-008	-0.0625	-0.69
-1.975E-008	0.3125	-0.6275
-1.97E-008	-0.0625	-0.6275
-1.965E-008	-0.125	-0.69
-1.96E-008	0.0625	-0.6275
-1.955E-008	0.0625	-0.69
-1.95E-008	-0.125	-0.6275
-1.945E-008	-0.375	-0.6275
-1.94E-008	-0.375	-0.6275
-1.935E-008	-0.375	-0.69
-1.93E-008	-0.0625	-0.6275
-1.925E-008	0.0625	-0.69
-1.92E-008	-0.1875	-0.69
-1.915E-008	-0.3125	-0.6275
-1.91E-008	-0.1875	-0.6275
-1.905E-008	-0.5	-0.6275
-0.000000019	-0.1875	-0.69
-0.000000019	-0.1875	-0.6275
-1.89E-008	-0.1875	-0.69
-1.885E-008	-0.375	-0.69
-1.88E-008	-0.1875	-0.69
-1.875E-008	-0.1875	-0.69
-1.87E-008	-0.25	-0.6275
-1.865E-008	-0.1875	-0.69
-1.86E-008	-0.25	-0.7525
-1.855E-008	-0.3125	-0.69
-1.85E-008	-0.375	-0.69
-1.845E-008	-0.3125	-0.69
-1.84E-008	-0.4375	-0.6275
-1.835E-008	-0.3125	-0.6275
-1.83E-008	-0.375	-0.69
-1.825E-008	-0.5	-0.6275
-1.82E-008	-0.375	-0.69
-1.815E-008	-0.5	-0.69
-1.81E-008	-0.5	-0.69
-1.805E-008	-0.5	-0.6275
-0.000000018	-0.5	-0.6275
-0.000000018	-0.625	-0.6275
-1.79E-008	-0.5	-0.6275
-1.785E-008	-0.625	-0.6275
-1.78E-008	-0.375	-0.6275
-1.775E-008	-0.6875	-0.6275
-1.77E-008	-0.625	-0.6275
-1.765E-008	-0.5	-0.6275
-1.76E-008	-0.5625	-0.69
-1.755E-008	-0.5625	-0.6275
-1.75E-008	-0.625	-0.69
-1.745E-008	-0.5625	-0.6275
-1.74E-008	-0.5625	-0.69
-1.735E-008	-0.625	-0.6275
-1.73E-008	-0.6875	-0.6275
-1.725E-008	-0.625	-0.69
-1.72E-008	-0.6875	-0.69
-1.715E-008	-0.8125	-0.69
-1.71E-008	-0.75	-0.6275
-1.705E-008	-0.6875	-0.69
-0.000000017	-0.5	-0.69
-0.000000017	-0.6875	-0.6275
-1.69E-008	-0.4375	-0.69
-1.685E-008	-0.5625	-0.69
-1.68E-008	-0.625	-0.69
-1.675E-008	-0.5625	-0.69
-1.67E-008	-0.5625	-0.69
-1.665E-008	-0.625	-0.6275
-1.66E-008	-0.6875	-0.6275
-1.655E-008	-0.8125	-0.69
-1.65E-008	-0.75	-0.69
-1.645E-008	-0.5625	-0.6275
-1.64E-008	-0.8125	-0.565
-1.635E-008	-0.75	-0.69
-1.63E-008	-0.8125	-0.565
-1.625E-008	-0.8125	-0.6275
-1.62E-008	-0.75	-0.69
-1.615E-008	-0.8125	-0.565
-1.61E-008	-0.8125	-0.565
-1.605E-008	-1	-0.69
-0.000000016	-0.6875	-0.69
-0.000000016	-0.9375	-0.69
-1.59E-008	-0.8125	-0.69
-1.585E-008	-0.875	-0.565
-1.58E-008	-0.8125	-0.6275
-1.575E-008	-0.8125	-0.6275
-1.57E-008	-0.75	-0.565
-1.565E-008	-0.75	-0.6275
-1.56E-008	-0.875	-0.6275
-1.555E-008	-0.875	-0.69
-1.55E-008	-0.875	-0.565
-1.545E-008	-0.9375	-0.5025
-1.54E-008	-0.875	-0.6275
-1.535E-008	-0.875	-0.6275
-1.53E-008	-0.9375	-0.565
-1.525E-008	-0.9375	-0.565
-1.52E-008	-0.9375	-0.69
-1.515E-008	-0.875	-0.69
-1.51E-008	-0.9375	-0.565
-1.505E-008	-0.75	-0.69
-0.000000015	-0.9375	-0.6275
-0.000000015	-0.875	-0.565
-1.49E-008	-0.9375	-0.69
-1.485E-008	-0.875	-0.5025
-1.48E-008	-0.9375	-0.5025
-1.475E-008	-0.9375	-0.565
-1.47E-008	-1	-0.565
-1.465E-008	-0.875	-0.565
-1.46E-008	-0.9375	-0.565
-1.455E-008	-1	-0.565
-1.45E-008	-0.9375	-0.5025
-1.445E-008	-1	-0.5025
-1.44E-008	-0.875	-0.5025
-1.435E-008	-0.9375	-0.44
-1.43E-008	-0.875	-0.565
-1.425E-008	-0.9375	-0.6275
-1.42E-008	-1	-0.565
-1.415E-008	-0.9375	-0.6275
-1.41E-008	-0.9375	-0.6275
-1.405E-008	-1	-0.44
-0.000000014	-0.9375	-0.5025
-0.000000014	-0.9375	-0.5025
-1.39E-008	-0.9375	-0.69
-1.385E-008	-1	-0.565
-1.38E-008	-1	-0.5025
-1.375E-008	-1	-0.5025
-1.37E-008	-0.9375	-0.44
-1.365E-008	-0.9375	-0.5025
-1.36E-008	-1	-0.5025
-1.355E-008	-1	-0.44
-1.35E-008	-1	-0.315
-1.345E-008	-1	-0.44
-1.34E-008	-1	-0.3775
-1.335E-008	-0.875	-0.565
-1.33E-008	-1	-0.44
-1.325E-008	-0.9375	-0.5025
-1.32E-008	-1	-0.44
-1.315E-008	-0.9375	-0.6275
-1.31E-008	-0.9375	-0.44
-1.305E-008	-1	-0.5025
-0.000000013	-0.9375	-0.3775
-0.000000013	-1	-0.5025
-1.29E-008	-0.9375	-0.44
-1.285E-008	-1	-0.44
-1.28E-008	-0.9375	-0.3775
-1.275E-008	-1	-0.44
-1.27E-008	-0.9375	-0.44
-1.265E-008	-0.875	-0.44
-1.26E-008	-0.9375	-0.3775
-1.255E-008	-0.875	-0.3775
-1.25E-008	-0.9375	-0.3775
-1.245E-008	-1	-0.5025
-1.24E-008	-0.9375	-0.44
-1.235E-008	-0.875	-0.44
-1.23E-008	-0.9375	-0.3775
-1.225E-008	-0.875	-0.44
-1.22E-008	-0.9375	-0.3775
-1.215E-008	-0.875	-0.3775
-1.21E-008	-0.9375	-0.44
-1.205E-008	-0.875	-0.44
-0.000000012	-0.9375	-0.44
-0.000000012	-0.75	-0.3775
-1.19E-008	-1	-0.44
-1.185E-008	-0.9375	-0.315
-1.18E-008	-0.9375	-0.2525
-1.175E-008	-0.6875	-0.315
-1.17E-008	-0.9375	-0.315
-1.165E-008	-0.875	-0.5025
-1.16E-008	-0.8125	-0.3775
-1.155E-008	-0.875	-0.3775
-1.15E-008	-0.8125	-0.3775
-1.145E-008	-0.9375	-0.44
-1.14E-008	-0.8125	-0.2525
-1.135E-008	-0.8125	-0.3775
-1.13E-008	-0.875	-0.315
-1.125E-008	-0.875	-0.315
-1.12E-008	-0.9375	-0.19
-1.115E-008	-0.9375	-0.315
-1.11E-008	-0.8125	-0.3775
-1.105E-008	-0.8125	-0.2525
-0.000000011	-0.8125	-0.315
-0.000000011	-0.8125	-0.2525
-1.09E-008	-0.75	-0.44
-1.085E-008	-0.8125	-0.19
-1.08E-008	-0.8125	-0.3775
-1.075E-008	-0.75	-0.19
-1.07E-008	-0.8125	-0.19
-1.065E-008	-0.8125	-0.19
-1.06E-008	-0.8125	-0.1275
-1.055E-008	-0.8125	-0.1275
-1.05E-008	-0.625	-0.2525
-1.045E-008	-0.8125	-0.19
-1.04E-008	-0.6875	-0.315
-1.035E-008	-0.6875	-0.19
-1.03E-008	-0.6875	-0.315
-1.025E-008	-0.6875	-0.1275
-1.02E-008	-0.6875	-0.315
-1.015E-008	-0.6875	-0.2525
-1.01E-008	-0.8125	-0.1275
-1.005E-008	-0.875	-0.19
-0.00000001	-0.8125	-0.1275
-0.00000001	-0.8125	-0.19
-9.9E-009	-0.6875	-0.315
-9.85E-009	-0.875	-0.1275
-9.8E-009	-0.6875	-0.2525
-9.75E-009	-0.6875	-0.19
-9.7E-009	-0.8125	-0.19
-9.65E-009	-0.6875	-0.1275
-9.6E-009	-0.6875	-0.1275
-9.55E-009	-0.625	-0.2525
-9.5E-009	-0.625	-0.19
-9.45E-009	-0.5625	-0.2525
-9.4E-009	-0.6875	-0.1275
-9.35E-009	-0.8125	-0.19
-9.3E-009	-0.5625	-0.1275
-9.25E-009	-0.625	-0.19
-9.2E-009	-0.625	-0.2525
-9.15E-009	-0.625	-0.1275
-9.1E-009	-0.625	-0.19
-9.05E-009	-0.5625	-0.0025
-0.000000009	-0.625	-0.065
-0.000000009	-0.625	-0.065
-8.9E-009	-0.625	-0.19
-8.85E-009	-0.5625	0.06
-8.8E-009	-0.6875	-0.1275
-8.75E-009	-0.5625	-0.065
-8.7E-009	-0.5625	-0.065
-8.65E-009	-0.5625	-0.065
-8.6E-009	-0.625	-0.0025
-8.55E-009	-0.5	-0.1275
-8.5E-009	-0.6875	-0.065
-8.45E-009	-0.625	-0.19
-8.4E-009	-0.5625	0.06
-8.35E-009	-0.4375	-0.065
-8.3E-009	-0.8125	0.06
-8.25E-009	-0.5	0.06
-8.2E-009	-0.6875	-0.065
-8.15E-009	-0.5	-0.1275
-8.1E-009	-0.5	-0.065
-8.05E-009	-0.4375	-0.065
-0.000000008	-0.5	-0.1275
-0.000000008	-0.5	-0.0025
-7.9E-009	-0.5	0.06
-7.85E-009	-0.4375	-0.1275
-7.8E-009	-0.5625	-0.065
-7.75E-009	-0.5	0.06
-7.7E-009	-0.4375	0.06
-7.65E-009	-0.5	-0.0025
-7.6E-009	-0.4375	-0.065
-7.55E-009	-0.5	0.06
-7.5E-009	-0.375	0.06
-7.45E-009	-0.5	-0.0025
-7.4E-009	-0.5	-0.0025
-7.35E-009	-0.375	-0.0025
-7.3E-009	-0.4375	0.06
-7.25E-009	-0.4375	-0.065
-7.2E-009	-0.5	-0.0025
-7.15E-009	-0.4375	-0.0025
-7.1E-009	-0.375	0.185
-7.05E-009	-0.375	-0.0025
-0.000000007	-0.375	0.06
-0.000000007	-0.375	-0.0025
-6.9E-009	-0.5625	0.06
-6.85E-009	-0.5	0.06
-6.8E-009	-0.375	0.06
-6.75E-009	-0.375	0.06
-6.7E-009	-0.375	0.06
-6.65E-009	-0.4375	0.06
-6.6E-009	-0.5	0.1225
-6.55E-009	-0.375	0.06
-6.5E-009	-0.375	0.1225
-6.45E-009	-0.375	0.185
-6.4E-009	-0.375	0.185
-6.35E-009	-0.375	0.06
-6.3E-009	-0.375	0.1225
-6.25E-009	-0.375	0.1225
-6.2E-009	-0.375	0.06
-6.15E-009	-0.375	0.06
-6.1E-009	-0.375	0.185
-6.05E-009	-0.375	0.1225
-0.000000006	-0.375	0.185
-0.000000006	-0.375	0.1225
-5.9E-009	-0.375	0.1225
-5.85E-009	-0.3125	0.1225
-5.8E-009	-0.375	0.185
-5.75E-009	-0.375	0.1225
-5.7E-009	-0.5	0.185
-5.65E-009	-0.5	0.1225
-5.6E-009	-0.375	0.1225
-5.55E-009	-0.375	0.185
-5.5E-009	-0.3125	0.1225
-5.45E-009	-0.375	0.185
-5.4E-009	-0.3125	0.185
-5.35E-009	-0.375	0.185
-5.3E-009	-0.375	0.2475
-5.25E-009	-0.375	0.1225
-5.2E-009	-0.375	0.1225
-5.15E-009	-0.3125	0.2475
-5.1E-009	-0.3125	0.185
-5.05E-009	-0.375	0.1225
-0.000000005	-0.375	0.185
-0.000000005	-0.375	0.2475
-4.9E-009	-0.3125	0.1225
-4.85E-009	-0.375	0.2475
-4.8E-009	-0.375	0.2475
-4.75E-009	-0.375	0.185
-4.7E-009	-0.375	0.185
-4.65E-009	-0.3125	0.185
-4.6E-009	-0.3125	0.2475
-4.55E-009	-0.3125	0.2475
-4.5E-009	-0.3125	0.1225
-4.45E-009	-0.25	0.1225
-4.4E-009	-0.375	0.2475
-4.35E-009	-0.3125	0.2475
-4.3E-009	-0.375	0.2475
-4.25E-009	-0.375	0.2475
-4.2E-009	-0.3125	0.185
-4.15E-009	-0.375	0.2475
-4.1E-009	-0.3125	0.1225
-4.05E-009	-0.375	0.31
-0.000000004	-0.3125	0.185
-0.000000004	-0.3125	0.185
-3.9E-009	-0.375	0.3725
-3.85E-009	-0.3125	0.2475
-3.8E-009	-0.3125	0.2475
-3.75E-009	-0.3125	0.2475
-3.7E-009	-0.3125	0.2475
-3.65E-009	-0.3125	0.2475
-3.6E-009	-0.25	0.2475
-3.55E-009	-0.3125	0.185
-3.5E-009	-0.3125	0.31
-3.45E-009	-0.375	0.31
-3.4E-009	-0.3125	0.1225
-3.35E-009	-0.3125	0.2475
-3.3E-009	-0.375	0.3725
-3.25E-009	-0.375	0.2475
-3.2E-009	-0.375	0.2475
-3.15E-009	-0.3125	0.185
-3.1E-009	-0.3125	0.2475
-3.05E-009	-0.25	0.2475
-0.000000003	-0.3125	0.31
-0.000000003	-0.375	0.2475
-2.9E-009	-0.375	0.2475
-2.85E-009	-0.3125	0.2475
-2.8E-009	-0.375	0.31
-2.75E-009	-0.3125	0.2475
-2.7E-009	-0.375	0.3725
-2.65E-009	-0.375	0.2475
-2.6E-009	-0.375	0.31
-2.55E-009	-0.3125	0.31
-2.5E-009	-0.3125	0.2475
-2.45E-009	-0.3125	0.2475
-2.4E-009	-0.3125	0.3725
-2.35E-009	-0.375	0.2475
-2.3E-009	-0.375	0.31
-2.25E-009	-0.375	0.31
-2.2E-009	-0.3125	0.31
-2.15E-009	-0.3125	0.31
-2.1E-009	-0.375	0.3725
-2.05E-009	-0.3125	0.31
-0.000000002	-0.375	0.31
-0.000000002	-0.3125	0.2475
-1.9E-009	-0.3125	0.31
-1.85E-009	-0.375	0.3725
-1.8E-009	-0.375	0.3725
-1.75E-009	-0.375	0.31
-1.7E-009	-0.375	0.31
-1.65E-009	-0.25	0.31
-1.6E-009	-0.3125	0.3725
-1.55E-009	-0.375	0.31
-1.5E-009	-0.375	0.31
-1.45E-009	-0.3125	0.31
-1.4E-009	-0.3125	0.3725
-1.35E-009	-0.3125	0.31
-1.3E-009	-0.375	0.3725
-1.25E-009	-0.375	0.3725
-1.2E-009	-0.375	0.3725
-1.15E-009	-0.375	0.31
-1.1E-009	-0.3125	0.31
-1.05E-009	-0.375	0.435
-0.000000001	-0.375	0.31
-0.000000001	-0.375	0.435
-9E-010	-0.3125	0.435
-8.5E-010	-0.375	0.3725
-8E-010	-0.375	0.31
-7.5E-010	-0.3125	0.31
-7E-010	-0.3125	0.3725
-6.5E-010	-0.375	0.3725
-6E-010	-0.3125	0.435
-5.5E-010	-0.375	0.435
-5E-010	-0.3125	0.3725
-4.5E-010	-0.3125	0.3725
-4E-010	-0.25	0.435
-3.5E-010	-0.3125	0.3725
-3E-010	-0.25	0.3725
-2.5E-010	-0.3125	0.435
-2E-010	-0.3125	0.435
-1.5E-010	-0.375	0.4975
-1E-010	-0.375	0.435
-5E-011	-0.3125	0.3725
3.9808067E-024	-0.375	0.435
5E-011	-0.3125	0.3725
1E-010	-0.375	0.4975
1.5E-010	-0.3125	0.435
2E-010	-0.375	0.435
2.5E-010	-0.3125	0.435
3E-010	-0.3125	0.4975
3.5E-010	-0.25	0.4975
4E-010	-0.3125	0.435
4.5E-010	-0.3125	0.4975
5E-010	-0.3125	0.4975
5.5E-010	-0.3125	0.435
6E-010	-0.3125	0.4975
6.5E-010	-0.25	0.4975
7E-010	-0.25	0.6225
7.5E-010	-0.3125	0.435
8E-010	-0.3125	0.4975
8.5E-010	-0.25	0.4975
9E-010	-0.3125	0.3725
0.000000001	-0.3125	0.4975
0.000000001	-0.25	0.435
1.05E-009	-0.25	0.6225
1.1E-009	-0.25	0.56
1.15E-009	-0.1875	0.4975
1.2E-009	-0.3125	0.4975
1.25E-009	-0.25	0.56
1.3E-009	-0.3125	0.4975
1.35E-009	-0.3125	0.6225
1.4E-009	-0.3125	0.56
1.45E-009	-0.25	0.4975
1.5E-009	-0.3125	0.3725
1.55E-009	-0.3125	0.4975
1.6E-009	-0.3125	0.6225
1.65E-009	-0.3125	0.685
1.7E-009	-0.3125	0.7475
1.75E-009	-0.25	0.4975
1.8E-009	-0.3125	0.4975
1.85E-009	-0.3125	0.56
1.9E-009	-0.25	0.685
0.000000002	-0.25	0.6225
0.000000002	-0.25	0.4975
2.05E-009	-0.1875	0.56
2.1E-009	-0.1875	0.685
2.15E-009	-0.1875	0.56
2.2E-009	-0.25	0.7475
2.25E-009	-0.25	0.6225
2.3E-009	-0.25	0.6225
2.35E-009	-0.3125	0.685
2.4E-009	-0.3125	0.6225
2.45E-009	-0.1875	0.685
2.5E-009	-0.1875	0.685
2.55E-009	-0.25	0.685
2.6E-009	-0.25	0.7475
2.65E-009	-0.1875	0.8725
2.7E-009	-0.25	0.6225
2.75E-009	-0.25	0.6225
2.8E-009	-0.1875	0.7475
2.85E-009	-0.25	0.685
2.9E-009	-0.0625	0.81
0.000000003	-0.1875	0.685
0.000000003	-0.1875	0.7475
3.05E-009	-0.25	0.7475
3.1E-009	-0.1875	0.7475
3.15E-009	-0.1875	0.6225
3.2E-009	-0.25	0.81
3.25E-009	-0.125	0.6225
3.3E-009	-0.25	0.685
3.35E-009	-0.25	0.7475
3.4E-009	-0.1875	0.7475
3.45E-009	-0.125	0.81
3.5E-009	-0.25	0.7475
3.55E-009	-0.25	0.81
3.6E-009	-0.0625	0.685
3.65E-009	-0.125	0.7475
3.7E-009	-0.1875	0.81
3.75E-009	-0.125	0.7475
3.8E-009	-0.125	0.7475
3.85E-009	-0.0625	0.7475
3.9E-009	-0.0625	0.8725
0.000000004	-0.0625	0.81
0.000000004	-0.125	0.8725
4.05E-009	-0.125	0.81
4.1E-009	-0.125	0.7475
4.15E-009	-0.0625	0.81
4.2E-009	-0.125	0.8725
4.25E-009	-0.125	0.7475
4.3E-009	-0.125	0.8725
4.35E-009	-0.125	0.81
4.4E-009	-0.125	0.81
4.45E-009	-0.1875	0.81
4.5E-009	-0.0625	0.81
4.55E-009	-0.0625	0.81
4.6E-009	-0.125	0.81
4.65E-009	-0.1875	0.8725
4.7E-009	-0.25	0.9975
4.75E-009	-0.125	0.935
4.8E-009	-0.125	0.935
4.85E-009	-0.0625	0.935
4.9E-009	-0.125	0.9975
0.000000005	-0.0625	0.935
0.000000005	0	0.935
5.05E-009	-0.0625	1.06
5.1E-009	-0.125	0.7475
5.15E-009	-0.0625	0.8725
5.2E-009	-0.125	0.935
5.25E-009	-0.125	1.06
5.3E-009	-0.0625	0.9975
5.35E-009	-0.0625	0.8725
5.4E-009	-0.125	0.935
5.45E-009	-0.0625	0.8725
5.5E-009	-0.0625	0.9975
5.55E-009	0	0.935
5.6E-009	0	0.9975
5.65E-009	0	0.9975
5.7E-009	0	0.9975
5.75E-009	0	0.935
5.8E-009	0	0.9975
5.85E-009	-0.0625	0.8725
5.9E-009	-0.0625	0.8725
0.000000006	-0.0625	0.9975
0.000000006	0	0.9975
6.05E-009	-0.0625	0.9975
6.1E-009	0	1.06
6.15E-009	-0.0625	1.06
6.2E-009	0	0.9975
6.25E-009	0.0625	0.9975
6.3E-009	-0.0625	1.06
6.35E-009	0	0.9975
6.4E-009	0	1.123
6.45E-009	-0.0625	1.06
6.5E-009	0	1.123
6.55E-009	0	1.06
6.6E-009	0.0625	1.06
6.65E-009	0.0625	0.935
6.7E-009	0	1.06
6.75E-009	0.0625	0.9975
6.8E-009	0	1.06
6.85E-009	0	0.935
6.9E-009	0.0625	1.06
0.000000007	0	0.9975
0.000000007	0.0625	1.06
7.05E-009	0	1.06
7.1E-009	0	1.06
7.15E-009	0	1.06
7.2E-009	0.0625	1.06
7.25E-009	0	1.06
7.3E-009	0.0625	1.123
7.35E-009	0	1.123
7.4E-009	0	1.06
7.45E-009	0.0625	1.123
7.5E-009	0.0625	1.06
7.55E-009	0	1.06
7.6E-009	0.0625	1.123
7.65E-009	0	1.123
7.7E-009	0	1.123
7.75E-009	0.0625	1.185
7.8E-009	0	1.06
7.85E-009	0.0625	1.185
7.9E-009	0.0625	1.06
0.000000008	0	1.185
0.000000008	0.0625	1.123
8.05E-009	0	1.123
8.1E-009	0	1.06
8.15E-009	0	1.123
8.2E-009	0	1.123
8.25E-009	0	1.123
8.3E-009	0.0625	1.123
8.35E-009	0.0625	1.185
8.4E-009	0	1.185
8.45E-009	0.0625	1.185
8.5E-009	0.125	1.123
8.55E-009	0.0625	1.185
8.6E-009	0.0625	1.185
8.65E-009	0	1.185
8.7E-009	0.0625	1.185
8.75E-009	0.0625	1.248
8.8E-009	0	1.185
8.85E-009	0.0625	1.185
8.9E-009	0.0625	1.123
0.000000009	0.125	1.185
0.000000009	0	1.185
9.05E-009	0	1.185
9.1E-009	0.0625	1.185
9.15E-009	0.0625	1.185
9.2E-009	0	1.123
9.25E-009	0.0625	1.248
9.3E-009	0.0625	1.185
9.35E-009	0.0625	1.248
9.4E-009	0	1.185
9.45E-009	0.0625	1.248
9.5E-009	0	1.185
9.55E-009	0.0625	1.31
9.6E-009	0	1.185
9.65E-009	0.0625	1.185
9.7E-009	0	1.185
9.75E-009	0.1875	1.248
9.8E-009	0.0625	1.248
9.85E-009	0	1.248
9.9E-009	0	1.248
0.00000001	0	1.248
0.00000001	0	1.185
1.005E-008	0	1.31
1.01E-008	0	1.248
1.015E-008	0	1.248
1.02E-008	0.0625	1.248
1.025E-008	0.0625	1.248
1.03E-008	0	1.185
1.035E-008	0	1.248
1.04E-008	0.0625	1.248
1.045E-008	0	1.31
1.05E-008	0	1.248
1.055E-008	0.0625	1.248
1.06E-008	0	1.31
1.065E-008	0	1.31
1.07E-008	0	1.248
1.075E-008	0.0625	1.248
1.08E-008	0.0625	1.31
1.085E-008	0	1.248
1.09E-008	0	1.248
0.000000011	0.0625	1.31
0.000000011	0	1.248
1.105E-008	0.0625	1.31
1.11E-008	0.0625	1.31
1.115E-008	0	1.31
1.12E-008	0.0625	1.373
1.125E-008	0	1.435
1.13E-008	0	1.373
1.135E-008	0.0625	1.31
1.14E-008	0.0625	1.31
1.145E-008	0.0625	1.248
1.15E-008	0.0625	1.373
1.155E-008	0.0625	1.373
1.16E-008	0.0625	1.31
1.165E-008	0.0625	1.435
1.17E-008	0	1.31
1.175E-008	0	1.373
1.18E-008	0	1.31
1.185E-008	0.125	1.31
1.19E-008	0	1.31
0.000000012	0.0625	1.31
0.000000012	0.0625	1.248
1.205E-008	0.0625	1.31
1.21E-008	-0.0625	1.373
1.215E-008	0	1.31
1.22E-008	0	1.435
1.225E-008	0	1.31
1.23E-008	0.0625	1.31
1.235E-008	0.0625	1.373
1.24E-008	0.0625	1.31
1.245E-008	0.0625	1.373
1.25E-008	0	1.31
1.255E-008	0	1.373
1.26E-008	0	1.498
1.265E-008	0.0625	1.56
1.27E-008	0.0625	1.435
1.275E-008	0.0625	1.373
1.28E-008	0	1.435
1.285E-008	0.0625	1.435
1.29E-008	0	1.56
0.000000013	0	1.373
0.000000013	0	1.498
1.305E-008	0.0625	1.435
1.31E-008	0.0625	1.435
1.315E-008	0	1.435
1.32E-008	-0.0625	1.435
1.325E-008	0	1.435
1.33E-008	0.0625	1.498
1.335E-008	0.0625	1.435
1.34E-008	0.0625	1.435
1.345E-008	0.0625	1.498
1.35E-008	0.0625	1.56
1.355E-008	0	1.435
1.36E-008	0.0625	1.56
1.365E-008	0	1.498
1.37E-008	0.0625	1.435
1.375E-008	0.0625	1.56
1.38E-008	0	1.498
1.385E-008	0	1.435
1.39E-008	-0.0625	1.56
0.000000014	0.0625	1.623
0.000000014	0.0625	1.498
1.405E-008	0.0625	1.498
1.41E-008	0.0625	1.56
1.415E-008	0	1.56
1.42E-008	-0.0625	1.623
1.425E-008	0	1.56
1.43E-008	0	1.56
1.435E-008	0	1.435
1.44E-008	0	1.56
1.445E-008	0	1.56
1.45E-008	0	1.56
1.455E-008	0.0625	1.56
1.46E-008	0.0625	1.56
1.465E-008	0	1.623
1.47E-008	0	1.56
1.475E-008	0.0625	1.623
1.48E-008	0.0625	1.56
1.485E-008	0	1.623
1.49E-008	0.0625	1.623
0.000000015	0	1.56
0.000000015	-0.0625	1.56
1.505E-008	-0.0625	1.56
1.51E-008	-0.0625	1.623
1.515E-008	0	1.623
1.52E-008	-0.0625	1.623
1.525E-008	0.0625	1.56
1.53E-008	0	1.623
1.535E-008	-0.0625	1.56
1.54E-008	0.0625	1.685
1.545E-008	0.0625	1.623
1.55E-008	0.0625	1.748
1.555E-008	0.0625	1.623
1.56E-008	-0.0625	1.623
1.565E-008	0.0625	1.56
1.57E-008	0	1.623
1.575E-008	-0.0625	1.623
1.58E-008	0	1.685
1.585E-008	0.0625	1.56
1.59E-008	0.0625	1.56
0.000000016	-0.0625	1.748
0.000000016	-0.0625	1.685
1.605E-008	0.0625	1.685
1.61E-008	0.0625	1.748
1.615E-008	0	1.748
1.62E-008	0.0625	1.748
1.625E-008	0	1.748
1.63E-008	0.0625	1.685
1.635E-008	-0.0625	1.623
1.64E-008	0	1.685
1.645E-008	0	1.685
1.65E-008	0.0625	1.748
1.655E-008	-0.0625	1.748
1.66E-008	0	1.748
1.665E-008	0	1.685
1.67E-008	-0.0625	1.685
1.675E-008	-0.125	1.685
1.68E-008	0	1.748
1.685E-008	0	1.685
1.69E-008	0	1.81
0.000000017	0	1.685
0.000000017	-0.0625	1.748
1.705E-008	0.0625	1.748
1.71E-008	-0.0625	1.748
1.715E-008	0.0625	1.748
1.72E-008	0.0625	1.873
1.725E-008	-0.0625	1.748
1.73E-008	0	1.873
1.735E-008	0	1.873
1.74E-008	0	1.748
1.745E-008	0	1.81
1.75E-008	-0.125	1.685
1.755E-008	0	1.748
1.76E-008	-0.0625	1.81
1.765E-008	0	1.81
1.77E-008	0	1.81
1.775E-008	-0.0625	1.685
1.78E-008	-0.125	1.81
1.785E-008	0	1.935
1.79E-008	-0.0625	1.81
0.000000018	0.0625	1.873
0.000000018	-0.0625	1.81
1.805E-008	0	1.748
1.81E-008	0	1.748
1.815E-008	-0.0625	1.81
1.82E-008	0	1.873
1.825E-008	0	1.873
1.83E-008	-0.0625	1.873
1.835E-008	-0.125	1.748
1.84E-008	-0.0625	1.873
1.845E-008	-0.0625	1.873
1.85E-008	-0.0625	1.873
1.855E-008	0.0625	1.81
1.86E-008	-0.0625	1.873
1.865E-008	-0.0625	1.935
1.87E-008	-0.125	1.873
1.875E-008	-0.125	1.81
1.88E-008	0	1.935
1.885E-008	0	1.873
1.89E-008	-0.125	1.81
0.000000019	-0.0625	1.935
0.000000019	0	1.81
1.905E-008	-0.0625	1.873
1.91E-008	-0.0625	1.873
1.915E-008	-0.125	1.873
1.92E-008	-0.0625	1.873
1.925E-008	-0.125	1.873
1.93E-008	-0.0625	1.935
1.935E-008	-0.0625	1.873
1.94E-008	-0.125	1.935
1.945E-008	-0.0625	1.935
1.95E-008	-0.125	1.873
1.955E-008	-0.0625	1.935
1.96E-008	-0.125	1.873
1.965E-008	-0.125	1.935
1.97E-008	-0.125	1.873
1.975E-008	-0.125	1.935
1.98E-008	-0.0625	1.873
1.985E-008	-0.1875	1.873
1.99E-008	-0.0625	1.935
0.00000002	-0.125	1.935
0.00000002	-0.1875	1.935
2.005E-008	0	1.935
2.01E-008	-0.0625	1.873
2.015E-008	0	1.935
2.02E-008	-0.1875	1.935
2.025E-008	-0.125	1.998
2.03E-008	-0.125	1.998
2.035E-008	-0.0625	1.873
2.04E-008	-0.0625	1.935
2.045E-008	-0.0625	1.873
2.05E-008	-0.125	1.873
2.055E-008	-0.125	1.873
2.06E-008	-0.25	1.998
2.065E-008	-0.1875	1.935
2.07E-008	-0.1875	1.998
2.075E-008	-0.1875	1.998
2.08E-008	-0.125	1.873
2.085E-008	-0.1875	1.998
2.09E-008	-0.125	1.935
0.000000021	-0.25	1.998
0.000000021	-0.1875	1.998
2.105E-008	-0.125	2.06
2.11E-008	-0.125	1.873
2.115E-008	-0.125	1.998
2.12E-008	-0.1875	2.06
2.125E-008	-0.125	1.873
2.13E-008	-0.1875	2.06
2.135E-008	-0.1875	2.06
2.14E-008	-0.125	1.998
2.145E-008	-0.25	1.935
2.15E-008	-0.1875	1.998
2.155E-008	-0.1875	1.998
2.16E-008	-0.1875	1.998
2.165E-008	-0.1875	2.06
2.17E-008	-0.0625	2.06
2.175E-008	-0.1875	1.998
2.18E-008	-0.125	2.06
2.185E-008	-0.0625	1.998
2.19E-008	-0.1875	1.998
0.000000022	-0.25	1.998
0.000000022	-0.25	1.935
2.205E-008	-0.1875	1.998
2.21E-008	-0.1875	1.998
2.215E-008	-0.1875	1.998
2.22E-008	-0.1875	2.123
2.225E-008	-0.1875	2.06
2.23E-008	-0.1875	2.06
2.235E-008	-0.25	2.06
2.24E-008	-0.25	1.873
2.245E-008	-0.25	1.998
2.25E-008	-0.25	2.06
2.255E-008	-0.25	1.998
2.26E-008	-0.25	2.06
2.265E-008	-0.1875	2.185
2.27E-008	-0.3125	2.06
2.275E-008	-0.1875	2.06
2.28E-008	-0.25	2.06
2.285E-008	-0.25	2.06
2.29E-008	-0.1875	2.06
0.000000023	-0.1875	1.998
0.000000023	-0.1875	2.06
2.305E-008	-0.25	2.06
2.31E-008	-0.1875	2.123
2.315E-008	-0.1875	2.06
2.32E-008	-0.3125	2.06
2.325E-008	-0.1875	2.06
2.33E-008	-0.25	2.06
2.335E-008	-0.25	2.06
2.34E-008	-0.3125	2.06
2.345E-008	-0.3125	2.06
2.35E-008	-0.25	2.123
2.355E-008	-0.25	2.123
2.36E-008	-0.25	2.123
2.365E-008	-0.25	2.123
2.37E-008	-0.25	2.123
2.375E-008	-0.3125	2.123
2.38E-008	-0.1875	2.06
2.385E-008	-0.25	2.06
2.39E-008	-0.25	2.185
0.000000024	-0.3125	2.06
0.000000024	-0.3125	2.123
2.405E-008	-0.25	2.06
2.41E-008	-0.3125	2.06
2.415E-008	-0.25	2.06
2.42E-008	-0.1875	2.123
2.425E-008	-0.25	2.123
2.43E-008	-0.25	2.123
2.435E-008	-0.25	2.06
2.44E-008	-0.3125	2.185
2.445E-008	-0.1875	2.06
2.45E-008	-0.3125	2.123
2.455E-008	-0.3125	2.123
2.46E-008	-0.25	2.123
2.465E-008	-0.3125	2.185
2.47E-008	-0.3125	2.123
2.475E-008	-0.3125	2.123
2.48E-008	-0.375	2.123
2.485E-008	-0.25	2.123
2.49E-008	-0.3125	2.248
0.000000025	-0.25	2.123
0.000000025	-0.3125	2.185
2.505E-008	-0.25	2.248
2.51E-008	-0.3125	2.06
2.515E-008	-0.25	2.185
2.52E-008	-0.3125	2.185
2.525E-008	-0.3125	2.123
2.53E-008	-0.375	2.06
2.535E-008	-0.375	2.185
2.54E-008	-0.25	2.248
2.545E-008	-0.3125	2.123
2.55E-008	-0.3125	2.248
2.555E-008	-0.375	2.185
2.56E-008	-0.3125	2.248
2.565E-008	-0.3125	2.185
2.57E-008	-0.3125	2.185
2.575E-008	-0.375	2.123
2.58E-008	-0.375	2.248
2.585E-008	-0.375	2.248
2.59E-008	-0.3125	2.185
0.000000026	-0.375	2.31
0.000000026	-0.3125	2.185
2.605E-008	-0.375	2.248
2.61E-008	-0.3125	2.123
2.615E-008	-0.3125	2.248
2.62E-008	-0.375	2.185
2.625E-008	-0.3125	2.185
2.63E-008	-0.375	2.248
2.635E-008	-0.375	2.123
2.64E-008	-0.3125	2.31
2.645E-008	-0.3125	2.31
2.65E-008	-0.3125	2.248
2.655E-008	-0.3125	2.248
2.66E-008	-0.375	2.123
2.665E-008	-0.375	2.185
2.67E-008	-0.3125	2.31
2.675E-008	-0.375	2.248
2.68E-008	-0.375	2.248
2.685E-008	-0.3125	2.185
2.69E-008	-0.375	2.31
0.000000027	-0.375	2.248
0.000000027	-0.375	2.248
2.705E-008	-0.375	2.248
2.71E-008	-0.375	2.185
2.715E-008	-0.375	2.248
2.72E-008	-0.375	2.31
2.725E-008	-0.3125	2.31
2.73E-008	-0.375	2.31
2.735E-008	-0.375	2.31
2.74E-008	-0.375	2.248
2.745E-008	-0.375	2.31
2.75E-008	-0.3125	2.31
2.755E-008	-0.375	2.31
2.76E-008	-0.375	2.31
2.765E-008	-0.375	2.31
2.77E-008	-0.375	2.248
2.775E-008	-0.4375	2.31
2.78E-008	-0.375	2.248
2.785E-008	-0.375	2.248
2.79E-008	-0.375	2.31
0.000000028	-0.375	2.248
0.000000028	-0.375	2.248
2.805E-008	-0.375	2.31
2.81E-008	-0.375	2.185
2.815E-008	-0.375	2.248
2.82E-008	-0.375	2.248
2.825E-008	-0.375	2.248
2.83E-008	-0.375	2.248
2.835E-008	-0.5	2.185
2.84E-008	-0.375	2.248
2.845E-008	-0.375	2.31
2.85E-008	-0.375	2.31
2.855E-008	-0.375	2.435
2.86E-008	-0.4375	2.373
2.865E-008	-0.375	2.248
2.87E-008	-0.375	2.31
2.875E-008	-0.375	2.31
2.88E-008	-0.3125	2.248
2.885E-008	-0.375	2.248
2.89E-008	-0.375	2.248
0.000000029	-0.375	2.31
0.000000029	-0.375	2.31
2.905E-008	-0.375	2.373
2.91E-008	-0.375	2.31
2.915E-008	-0.375	2.248
2.92E-008	-0.5	2.31
2.925E-008	-0.3125	2.373
2.93E-008	-0.375	2.248
2.935E-008	-0.375	2.373
2.94E-008	-0.375	2.31
2.945E-008	-0.375	2.498
2.95E-008	-0.375	2.373
2.955E-008	-0.375	2.373
2.96E-008	-0.375	2.31
2.965E-008	-0.375	2.373
2.97E-008	-0.375	2.248
2.975E-008	-0.375	2.498
2.98E-008	-0.375	2.435
2.985E-008	-0.4375	2.373
2.99E-008	-0.375	2.435
0.00000003	-0.375	2.373
0.00000003	-0.4375	2.56
3.005E-008	-0.375	2.31
3.01E-008	-0.375	2.373
3.015E-008	-0.375	2.498
3.02E-008	-0.4375	2.435
3.025E-008	-0.375	2.498
3.03E-008	-0.375	2.498
3.035E-008	-0.375	2.435
3.04E-008	-0.375	2.498
3.045E-008	-0.375	2.435
3.05E-008	-0.375	2.498
3.055E-008	-0.375	2.56
3.06E-008	-0.375	2.498
3.065E-008	-0.375	2.498
3.07E-008	-0.375	2.498
3.075E-008	-0.375	2.498
3.08E-008	-0.375	2.435
3.085E-008	-0.5	2.56
3.09E-008	-0.375	2.56
0.000000031	-0.375	2.56
0.000000031	-0.4375	2.56
3.105E-008	-0.375	2.56
3.11E-008	-0.375	2.435
3.115E-008	-0.5	2.623
3.12E-008	-0.375	2.498
3.125E-008	-0.375	2.623
3.13E-008	-0.375	2.498
3.135E-008	-0.375	2.56
3.14E-008	-0.375	2.498
3.145E-008	-0.4375	2.435
3.15E-008	-0.375	2.435
3.155E-008	-0.375	2.56
3.16E-008	-0.375	2.623
3.165E-008	-0.375	2.56
3.17E-008	-0.375	2.498
3.175E-008	-0.375	2.498
3.18E-008	-0.375	2.56
3.185E-008	-0.375	2.498
3.19E-008	-0.375	2.56
0.000000032	-0.375	2.56
0.000000032	-0.375	2.498
3.205E-008	-0.375	2.435
3.21E-008	-0.375	2.56
3.215E-008	-0.375	2.623
3.22E-008	-0.375	2.56
3.225E-008	-0.4375	2.623
3.23E-008	-0.375	2.56
3.235E-008	-0.375	2.498
3.24E-008	-0.375	2.498
3.245E-008	-0.375	2.56
3.25E-008	-0.4375	2.623
3.255E-008	-0.375	2.56
3.26E-008	-0.375	2.623
3.265E-008	-0.375	2.623
3.27E-008	-0.375	2.623
3.275E-008	-0.375	2.498
3.28E-008	-0.375	2.623
3.285E-008	-0.375	2.623
3.29E-008	-0.375	2.623
0.000000033	-0.375	2.56
0.000000033	-0.375	2.56
3.305E-008	-0.375	2.623
3.31E-008	-0.375	2.685
3.315E-008	-0.375	2.623
3.32E-008	-0.375	2.685
3.325E-008	-0.375	2.623
3.33E-008	-0.375	2.623
3.335E-008	-0.4375	2.623
3.34E-008	-0.5	2.623
3.345E-008	-0.4375	2.685
3.35E-008	-0.375	2.623
3.355E-008	-0.375	2.623
3.36E-008	-0.375	2.685
3.365E-008	-0.375	2.623
3.37E-008	-0.4375	2.623
3.375E-008	-0.375	2.685
3.38E-008	-0.375	2.623
3.385E-008	-0.375	2.56
3.39E-008	-0.375	2.685
0.000000034	-0.375	2.685
0.000000034	-0.375	2.685
3.405E-008	-0.375	2.623
3.41E-008	-0.375	2.623
3.415E-008	-0.375	2.623
3.42E-008	-0.375	2.685
3.425E-008	-0.375	2.623
3.43E-008	-0.375	2.685
3.435E-008	-0.375	2.623
3.44E-008	-0.375	2.685
3.445E-008	-0.375	2.623
3.45E-008	-0.375	2.623
3.455E-008	-0.375	2.623
3.46E-008	-0.375	2.623
3.465E-008	-0.375	2.685
3.47E-008	-0.4375	2.623
3.475E-008	-0.375	2.81
3.48E-008	-0.375	2.685
3.485E-008	-0.375	2.623
3.49E-008	-0.375	2.685
0.000000035	-0.375	2.685
0.000000035	-0.375	2.685
3.505E-008	-0.375	2.623
3.51E-008	-0.375	2.623
3.515E-008	-0.375	2.685
3.52E-008	-0.375	2.685
3.525E-008	-0.375	2.748
3.53E-008	-0.375	2.623
3.535E-008	-0.375	2.685
3.54E-008	-0.375	2.685
3.545E-008	-0.375	2.685
3.55E-008	-0.375	2.623
3.555E-008	-0.375	2.685
3.56E-008	-0.375	2.685
3.565E-008	-0.375	2.685
3.57E-008	-0.375	2.685
3.575E-008	-0.375	2.685
3.58E-008	-0.375	2.623
3.585E-008	-0.375	2.623
3.59E-008	-0.375	2.685
0.000000036	-0.375	2.685
0.000000036	-0.375	2.685
3.605E-008	-0.25	2.685
3.61E-008	-0.375	2.685
3.615E-008	-0.3125	2.685
3.62E-008	-0.3125	2.685
3.625E-008	-0.3125	2.685
3.63E-008	-0.375	2.81
3.635E-008	-0.375	2.685
3.64E-008	-0.3125	2.685
3.645E-008	-0.375	2.623
3.65E-008	-0.375	2.685
3.655E-008	-0.3125	2.81
3.66E-008	-0.3125	2.748
3.665E-008	-0.375	2.685
3.67E-008	-0.375	2.685
3.675E-008	-0.3125	2.685
3.68E-008	-0.375	2.81
3.685E-008	-0.375	2.81
3.69E-008	-0.3125	2.81
0.000000037	-0.3125	2.748
0.000000037	-0.3125	2.748
3.705E-008	-0.375	2.748
3.71E-008	-0.375	2.748
3.715E-008	-0.375	2.748
3.72E-008	-0.375	2.685
3.725E-008	-0.375	2.748
3.73E-008	-0.3125	2.81
3.735E-008	-0.3125	2.81
3.74E-008	-0.25	2.748
3.745E-008	-0.3125	2.81
3.75E-008	-0.3125	2.81
3.755E-008	-0.375	2.685
3.76E-008	-0.3125	2.81
3.765E-008	-0.3125	2.81
3.77E-008	-0.3125	2.81
3.775E-008	-0.3125	2.81
3.78E-008	-0.25	2.81
3.785E-008	-0.3125	2.873
3.79E-008	-0.3125	2.81
0.000000038	-0.3125	2.748
0.000000038	-0.3125	2.81
3.805E-008	-0.3125	2.81
3.81E-008	-0.3125	2.748
3.815E-008	-0.25	2.748
3.82E-008	-0.3125	2.81
3.825E-008	-0.25	2.748
3.83E-008	-0.3125	2.81
3.835E-008	-0.25	2.873
3.84E-008	-0.3125	2.748
3.845E-008	-0.3125	2.81
3.85E-008	-0.3125	2.81
3.855E-008	-0.3125	2.81
3.86E-008	-0.3125	2.873
3.865E-008	-0.25	2.748
3.87E-008	-0.3125	2.81
3.875E-008	-0.3125	2.81
3.88E-008	-0.25	2.873
3.885E-008	-0.3125	2.81
3.89E-008	-0.3125	2.81
0.000000039	-0.25	2.81
0.000000039	-0.1875	2.873
3.905E-008	-0.25	2.873
3.91E-008	-0.25	2.81
3.915E-008	-0.3125	2.873
3.92E-008	-0.3125	2.81
3.925E-008	-0.25	2.873
3.93E-008	-0.3125	2.873
3.935E-008	-0.3125	2.81
3.94E-008	-0.25	2.873
3.945E-008	-0.25	2.873
3.95E-008	-0.1875	2.81
3.955E-008	-0.25	2.873
