x-axis-Sec	ch1	ch2
-0.00001	3.895	-0.02
-0.00000999	3.895	0.0425
-0.00000998	3.833	-0.02
-0.00000997	3.833	-0.02
-0.00000996	3.833	-0.0825
-0.00000995	3.895	-0.02
-0.00000994	3.833	-0.02
-0.00000993	3.833	-0.02
-0.00000992	3.833	-0.0825
-0.00000991	3.895	0.0425
-0.0000099	3.77	-0.02
-0.00000989	3.895	-0.02
-0.00000988	3.833	-0.0825
-0.00000987	3.895	-0.02
-0.00000986	3.833	-0.0825
-0.00000985	3.833	-0.02
-0.00000984	3.833	-0.02
-0.00000983	3.77	0.0425
-0.00000982	3.77	-0.02
-0.00000981	3.895	0.0425
-0.0000098	3.77	-0.02
-0.00000979	3.833	0.0425
-0.00000978	3.833	-0.02
-0.00000977	3.895	-0.02
-0.00000976	3.833	-0.02
-0.00000975	3.833	0.0425
-0.00000974	3.77	-0.02
-0.00000973	3.895	-0.02
-0.00000972	3.77	-0.02
-0.00000971	3.833	0.0425
-0.0000097	3.833	-0.02
-0.00000969	3.77	0.0425
-0.00000968	3.77	-0.0825
-0.00000967	3.77	0.0425
-0.00000966	3.77	-0.02
-0.00000965	3.77	-0.02
-0.00000964	3.77	-0.0825
-0.00000963	3.833	-0.02
-0.00000962	3.77	-0.02
-0.00000961	3.77	0.0425
-0.0000096	3.708	-0.02
-0.00000959	3.833	-0.02
-0.00000958	3.77	-0.0825
-0.00000957	3.77	0.0425
-0.00000956	3.77	-0.02
-0.00000955	3.77	-0.02
-0.00000954	3.77	-0.0825
-0.00000953	3.833	-0.02
-0.00000952	3.77	-0.02
-0.00000951	3.77	0.0425
-0.0000095	3.77	-0.02
-0.00000949	3.77	0.0425
-0.00000948	3.77	-0.0825
-0.00000947	3.77	0.0425
-0.00000946	3.77	-0.02
-0.00000945	3.833	-0.02
-0.00000944	3.77	-0.0825
-0.00000943	3.708	0.0425
-0.00000942	3.77	-0.0825
-0.00000941	3.708	-0.02
-0.0000094	3.77	-0.0825
-0.00000939	3.77	0.0425
-0.00000938	3.708	-0.02
-0.00000937	3.77	-0.02
-0.00000936	3.708	-0.02
-0.00000935	3.77	0.0425
-0.00000934	3.77	-0.0825
-0.00000933	3.833	-0.02
-0.00000932	3.708	-0.02
-0.00000931	3.77	0.0425
-0.0000093	3.708	-0.02
-0.00000929	3.77	0.0425
-0.00000928	3.77	-0.0825
-0.00000927	3.77	0.0425
-0.00000926	3.708	-0.02
-0.00000925	3.708	-0.02
-0.00000924	3.708	-0.02
-0.00000923	3.708	0.0425
-0.00000922	3.645	-0.02
-0.00000921	3.833	0.0425
-0.0000092	3.708	-0.0825
-0.00000919	3.708	-0.02
-0.00000918	3.708	-0.02
-0.00000917	3.708	0.0425
-0.00000916	3.77	-0.02
-0.00000915	3.645	0.0425
-0.00000914	3.708	-0.02
-0.00000913	3.708	-0.02
-0.00000912	3.708	-0.0825
-0.00000911	3.645	0.0425
-0.0000091	3.645	-0.02
-0.00000909	3.708	0.0425
-0.00000908	3.645	-0.02
-0.00000907	3.645	0.0425
-0.00000906	3.645	-0.02
-0.00000905	3.708	-0.02
-0.00000904	3.645	-0.02
-0.00000903	3.645	-0.02
-0.00000902	3.708	-0.02
-0.00000901	3.645	0.0425
-0.000009	3.645	-0.0825
-0.00000899	3.583	0.0425
-0.00000898	3.645	-0.02
-0.00000897	3.708	-0.02
-0.00000896	3.645	-0.02
-0.00000895	3.583	0.0425
-0.00000894	3.645	-0.02
-0.00000893	3.645	0.0425
-0.00000892	3.645	-0.02
-0.00000891	3.708	0.0425
-0.0000089	3.645	-0.02
-0.00000889	3.645	-0.02
-0.00000888	3.645	-0.02
-0.00000887	3.645	0.0425
-0.00000886	3.583	-0.02
-0.00000885	3.645	0.0425
-0.00000884	3.583	-0.02
-0.00000883	3.708	0.0425
-0.00000882	3.645	-0.0825
-0.00000881	3.645	-0.02
-0.0000088	3.645	-0.0825
-0.00000879	3.583	0.0425
-0.00000878	3.645	-0.02
-0.00000877	3.645	0.0425
-0.00000876	3.583	-0.02
-0.00000875	3.645	0.105
-0.00000874	3.645	-0.02
-0.00000873	3.645	0.0425
-0.00000872	3.52	-0.02
-0.00000871	3.708	0.0425
-0.0000087	3.645	-0.02
-0.00000869	3.583	0.0425
-0.00000868	3.52	-0.02
-0.00000867	3.645	0.0425
-0.00000866	3.583	-0.02
-0.00000865	3.583	0.0425
-0.00000864	3.52	-0.02
-0.00000863	3.583	-0.02
-0.00000862	3.583	-0.0825
-0.00000861	3.583	-0.02
-0.0000086	3.52	-0.02
-0.00000859	3.583	0.0425
-0.00000858	3.52	-0.02
-0.00000857	3.645	-0.02
-0.00000856	3.52	-0.02
-0.00000855	3.583	-0.02
-0.00000854	3.52	-0.02
-0.00000853	3.583	0.0425
-0.00000852	3.52	-0.02
-0.00000851	3.583	0.0425
-0.0000085	3.583	-0.02
-0.00000849	3.583	0.0425
-0.00000848	3.583	-0.0825
-0.00000847	3.583	0.0425
-0.00000846	3.52	-0.02
-0.00000845	3.583	0.0425
-0.00000844	3.52	-0.02
-0.00000843	3.583	0.0425
-0.00000842	3.52	-0.02
-0.00000841	3.52	0.0425
-0.0000084	3.458	0.0425
-0.00000839	3.583	0.0425
-0.00000838	3.52	-0.02
-0.00000837	3.583	0.0425
-0.00000836	3.458	0.0425
-0.00000835	3.583	0.0425
-0.00000834	3.458	-0.02
-0.00000833	3.583	0.0425
-0.00000832	3.458	-0.02
-0.00000831	3.52	-0.02
-0.0000083	3.458	-0.02
-0.00000829	3.52	0.0425
-0.00000828	3.52	-0.02
-0.00000827	3.52	0.0425
-0.00000826	3.458	-0.02
-0.00000825	3.52	0.0425
-0.00000824	3.52	-0.02
-0.00000823	3.52	0.0425
-0.00000822	3.458	-0.02
-0.00000821	3.52	0.0425
-0.0000082	3.458	0.0425
-0.00000819	3.52	0.0425
-0.00000818	3.458	-0.02
-0.00000817	3.52	0.0425
-0.00000816	3.458	-0.02
-0.00000815	3.52	0.0425
-0.00000814	3.458	-0.02
-0.00000813	3.52	0.105
-0.00000812	3.458	-0.02
-0.00000811	3.52	0.0425
-0.0000081	3.458	-0.02
-0.00000809	3.52	0.0425
-0.00000808	3.458	-0.02
-0.00000807	3.52	0.0425
-0.00000806	3.458	-0.02
-0.00000805	3.52	0.0425
-0.00000804	3.458	-0.02
-0.00000803	3.52	0.0425
-0.00000802	3.395	-0.02
-0.00000801	3.52	0.0425
-0.000008	3.458	-0.02
-0.00000799	3.52	0.0425
-0.00000798	3.458	-0.02
-0.00000797	3.52	0.0425
-0.00000796	3.395	-0.02
-0.00000795	3.395	0.0425
-0.00000794	3.458	-0.02
-0.00000793	3.395	0.0425
-0.00000792	3.395	-0.0825
-0.00000791	3.458	0.0425
-0.0000079	3.458	-0.02
-0.00000789	3.333	0.0425
-0.00000788	3.458	-0.02
-0.00000787	3.395	0.0425
-0.00000786	3.458	0.0425
-0.00000785	3.395	0.0425
-0.00000784	3.395	-0.02
-0.00000783	3.395	0.0425
-0.00000782	3.458	-0.02
-0.00000781	3.458	0.0425
-0.0000078	3.333	0.0425
-0.00000779	3.395	0.0425
-0.00000778	3.395	-0.0825
-0.00000777	3.395	0.0425
-0.00000776	3.395	-0.02
-0.00000775	3.395	0.0425
-0.00000774	3.395	-0.02
-0.00000773	3.395	0.0425
-0.00000772	3.333	-0.02
-0.00000771	3.333	0.0425
-0.0000077	3.395	-0.02
-0.00000769	3.458	0.0425
-0.00000768	3.333	-0.02
-0.00000767	3.395	0.0425
-0.00000766	3.333	-0.02
-0.00000765	3.395	0.0425
-0.00000764	3.333	-0.02
-0.00000763	3.395	0.105
-0.00000762	3.333	-0.02
-0.00000761	3.333	0.0425
-0.0000076	3.395	-0.02
-0.00000759	3.395	0.0425
-0.00000758	3.333	-0.02
-0.00000757	3.333	0.0425
-0.00000756	3.333	-0.02
-0.00000755	3.395	0.0425
-0.00000754	3.333	-0.02
-0.00000753	3.333	0.0425
-0.00000752	3.333	-0.02
-0.00000751	3.395	0.0425
-0.0000075	3.333	0.105
-0.00000749	3.395	-0.02
-0.00000748	3.333	-0.02
-0.00000747	3.333	0.0425
-0.00000746	3.333	-0.02
-0.00000745	3.395	0.0425
-0.00000744	3.333	-0.02
-0.00000743	3.333	0.0425
-0.00000742	3.333	-0.02
-0.00000741	3.395	0.0425
-0.0000074	3.333	-0.02
-0.00000739	3.333	0.0425
-0.00000738	3.333	-0.02
-0.00000737	3.395	0.0425
-0.00000736	3.333	-0.02
-0.00000735	3.333	0.0425
-0.00000734	3.333	-0.02
-0.00000733	3.27	0.0425
-0.00000732	3.333	-0.0825
-0.00000731	3.395	0.0425
-0.0000073	3.333	-0.02
-0.00000729	3.333	0.0425
-0.00000728	3.333	-0.02
-0.00000727	3.27	0.0425
-0.00000726	3.333	-0.02
-0.00000725	3.395	0.0425
-0.00000724	3.27	-0.02
-0.00000723	3.27	0.0425
-0.00000722	3.27	-0.02
-0.00000721	3.333	0.0425
-0.0000072	3.27	-0.02
-0.00000719	3.395	0.0425
-0.00000718	3.27	-0.02
-0.00000717	3.27	0.0425
-0.00000716	3.27	0.0425
-0.00000715	3.333	0.0425
-0.00000714	3.27	-0.02
-0.00000713	3.27	0.0425
-0.00000712	3.27	0.0425
-0.00000711	3.27	0.105
-0.0000071	3.27	0.0425
-0.00000709	3.208	0.0425
-0.00000708	3.27	-0.02
-0.00000707	3.27	0.0425
-0.00000706	3.27	0.0425
-0.00000705	3.27	0.0425
-0.00000704	3.27	-0.02
-0.00000703	3.27	0.0425
-0.00000702	3.27	-0.02
-0.00000701	3.208	0.0425
-0.000007	3.27	-0.02
-0.00000699	3.27	0.0425
-0.00000698	3.27	-0.02
-0.00000697	3.208	0.0425
-0.00000696	3.208	-0.02
-0.00000695	3.27	0.0425
-0.00000694	3.27	0.0425
-0.00000693	3.145	0.0425
-0.00000692	3.208	-0.02
-0.00000691	3.27	0.0425
-0.0000069	3.27	0.0425
-0.00000689	3.208	0.0425
-0.00000688	3.27	-0.02
-0.00000687	3.27	0.105
-0.00000686	3.27	0.0425
-0.00000685	3.27	0.0425
-0.00000684	3.208	-0.02
-0.00000683	3.208	0.0425
-0.00000682	3.27	-0.02
-0.00000681	3.145	0.0425
-0.0000068	3.208	-0.02
-0.00000679	3.208	0.0425
-0.00000678	3.208	0.105
-0.00000677	3.208	0.0425
-0.00000676	3.208	-0.02
-0.00000675	3.208	0.0425
-0.00000674	3.208	0.0425
-0.00000673	3.145	0.0425
-0.00000672	3.208	-0.02
-0.00000671	3.208	0.0425
-0.0000067	3.208	-0.02
-0.00000669	3.145	0.0425
-0.00000668	3.208	0.0425
-0.00000667	3.208	0.0425
-0.00000666	3.145	-0.02
-0.00000665	3.145	0.105
-0.00000664	3.208	-0.02
-0.00000663	3.145	0.0425
-0.00000662	3.145	0.0425
-0.00000661	3.145	0.0425
-0.0000066	3.145	0.0425
-0.00000659	3.145	0.0425
-0.00000658	3.208	-0.02
-0.00000657	3.145	0.105
-0.00000656	3.208	-0.02
-0.00000655	3.145	0.0425
-0.00000654	3.145	0.105
-0.00000653	3.145	0.0425
-0.00000652	3.145	-0.02
-0.00000651	3.145	0.0425
-0.0000065	3.145	0.0425
-0.00000649	3.145	0.0425
-0.00000648	3.145	0.0425
-0.00000647	3.083	0.0425
-0.00000646	3.083	-0.02
-0.00000645	3.083	0.0425
-0.00000644	3.083	0.0425
-0.00000643	3.145	0.1675
-0.00000642	3.145	-0.02
-0.00000641	3.145	0.0425
-0.0000064	3.145	0.0425
-0.00000639	3.083	0.1675
-0.00000638	3.083	-0.02
-0.00000637	3.083	0.1675
-0.00000636	3.145	0.0425
-0.00000635	3.083	0.0425
-0.00000634	3.145	-0.02
-0.00000633	3.145	0.1675
-0.00000632	3.083	-0.02
-0.00000631	3.083	0.105
-0.0000063	3.083	0.105
-0.00000629	3.083	0.0425
-0.00000628	3.083	-0.02
-0.00000627	3.083	0.1675
-0.00000626	3.083	-0.02
-0.00000625	3.083	0.0425
-0.00000624	3.083	0.0425
-0.00000623	3.083	0.0425
-0.00000622	3.083	0.0425
-0.00000621	3.083	0.105
-0.0000062	3.02	0.0425
-0.00000619	3.083	0.1675
-0.00000618	3.083	0.0425
-0.00000617	3.083	0.1675
-0.00000616	3.145	0.105
-0.00000615	3.083	0.0425
-0.00000614	3.083	0.0425
-0.00000613	3.083	0.0425
-0.00000612	3.02	0.0425
-0.00000611	3.083	0.0425
-0.0000061	3.02	0.0425
-0.00000609	3.083	0.0425
-0.00000608	3.083	0.0425
-0.00000607	3.02	0.1675
-0.00000606	3.083	0.0425
-0.00000605	3.083	0.1675
-0.00000604	3.083	0.105
-0.00000603	3.02	0.0425
-0.00000602	3.02	-0.02
-0.00000601	3.083	0.105
-0.000006	3.02	0.0425
-0.00000599	3.02	0.1675
-0.00000598	3.02	0.0425
-0.00000597	3.083	0.0425
-0.00000596	3.02	0.0425
-0.00000595	3.083	0.0425
-0.00000594	3.02	0.0425
-0.00000593	3.02	0.0425
-0.00000592	3.02	0.0425
-0.00000591	3.083	0.0425
-0.0000059	3.02	0.105
-0.00000589	3.083	0.0425
-0.00000588	3.02	-0.02
-0.00000587	3.02	0.0425
-0.00000586	3.02	0.105
-0.00000585	3.083	0.105
-0.00000584	3.02	0.0425
-0.00000583	2.895	0.0425
-0.00000582	3.02	0.0425
-0.00000581	2.895	0.1675
-0.0000058	2.958	0.105
-0.00000579	3.02	0.1675
-0.00000578	3.02	0.0425
-0.00000577	2.895	0.1675
-0.00000576	2.958	0.0425
-0.00000575	3.083	0.0425
-0.00000574	3.02	0.105
-0.00000573	3.02	0.0425
-0.00000572	2.958	0.105
-0.00000571	2.895	0.0425
-0.0000057	3.02	0.105
-0.00000569	2.895	0.0425
-0.00000568	3.02	0.105
-0.00000567	2.895	0.105
-0.00000566	3.02	0.0425
-0.00000565	2.895	0.1675
-0.00000564	2.958	0.0425
-0.00000563	2.895	0.1675
-0.00000562	2.958	0.0425
-0.00000561	2.895	0.0425
-0.0000056	2.958	0.105
-0.00000559	2.895	0.0425
-0.00000558	2.958	0.105
-0.00000557	2.895	0.0425
-0.00000556	2.958	0.0425
-0.00000555	2.895	0.105
-0.00000554	3.02	0.105
-0.00000553	2.895	0.1675
-0.00000552	2.958	0.105
-0.00000551	2.895	0.1675
-0.0000055	2.958	0.105
-0.00000549	2.895	0.1675
-0.00000548	2.958	0.0425
-0.00000547	2.895	0.0425
-0.00000546	2.958	0.0425
-0.00000545	2.895	0.1675
-0.00000544	2.958	0.105
-0.00000543	2.895	0.0425
-0.00000542	2.895	0.105
-0.00000541	2.895	0.1675
-0.0000054	2.958	0.105
-0.00000539	2.895	0.1675
-0.00000538	2.958	0.105
-0.00000537	2.895	0.1675
-0.00000536	2.958	0.0425
-0.00000535	2.895	0.1675
-0.00000534	2.958	0.105
-0.00000533	2.895	0.0425
-0.00000532	2.895	0.105
-0.00000531	2.833	0.1675
-0.0000053	2.958	0.105
-0.00000529	2.895	0.105
-0.00000528	2.895	0.0425
-0.00000527	2.895	0.1675
-0.00000526	2.895	0.105
-0.00000525	2.895	0.1675
-0.00000524	2.895	0.105
-0.00000523	2.895	0.1675
-0.00000522	2.958	0.105
-0.00000521	2.833	0.1675
-0.0000052	2.895	0.105
-0.00000519	2.895	0.0425
-0.00000518	2.958	0.0425
-0.00000517	2.895	0.1675
-0.00000516	2.895	0.0425
-0.00000515	2.895	0.1675
-0.00000514	2.895	0.105
-0.00000513	2.833	0.1675
-0.00000512	2.895	0.0425
-0.00000511	2.833	0.1675
-0.0000051	2.833	0.105
-0.00000509	2.833	0.1675
-0.00000508	2.833	0.0425
-0.00000507	2.833	0.1675
-0.00000506	2.833	0.105
-0.00000505	2.833	0.1675
-0.00000504	2.833	0.105
-0.00000503	2.895	0.1675
-0.00000502	2.833	0.105
-0.00000501	2.833	0.1675
-0.000005	2.833	0.105
-0.00000499	2.833	0.1675
-0.00000498	2.833	0.0425
-0.00000497	2.833	0.1675
-0.00000496	2.833	0.105
-0.00000495	2.833	0.1675
-0.00000494	2.833	0.0425
-0.00000493	2.833	0.1675
-0.00000492	2.833	0.0425
-0.00000491	2.833	0.1675
-0.0000049	2.895	0.105
-0.00000489	2.833	0.1675
-0.00000488	2.833	0.105
-0.00000487	2.833	0.1675
-0.00000486	2.77	0.105
-0.00000485	2.77	0.1675
-0.00000484	2.833	0.0425
-0.00000483	2.833	0.1675
-0.00000482	2.77	0.105
-0.00000481	2.833	0.1675
-0.0000048	2.77	0.105
-0.00000479	2.77	0.1675
-0.00000478	2.77	0.105
-0.00000477	2.833	0.1675
-0.00000476	2.77	0.105
-0.00000475	2.77	0.1675
-0.00000474	2.77	0.105
-0.00000473	2.833	0.1675
-0.00000472	2.77	0.105
-0.00000471	2.77	0.1675
-0.0000047	2.77	0.105
-0.00000469	2.708	0.1675
-0.00000468	2.77	0.105
-0.00000467	2.77	0.1675
-0.00000466	2.77	0.105
-0.00000465	2.833	0.1675
-0.00000464	2.77	0.105
-0.00000463	2.77	0.1675
-0.00000462	2.708	0.105
-0.00000461	2.833	0.1675
-0.0000046	2.77	0.105
-0.00000459	2.77	0.23
-0.00000458	2.77	0.105
-0.00000457	2.833	0.1675
-0.00000456	2.77	0.105
-0.00000455	2.708	0.1675
-0.00000454	2.708	0.1675
-0.00000453	2.77	0.0425
-0.00000452	2.708	0.105
-0.00000451	2.833	0.23
-0.0000045	2.77	0.105
-0.00000449	2.77	0.1675
-0.00000448	2.708	0.105
-0.00000447	2.708	0.1675
-0.00000446	2.77	0.105
-0.00000445	2.708	0.1675
-0.00000444	2.708	0.105
-0.00000443	2.833	0.1675
-0.00000442	2.77	0.105
-0.00000441	2.77	0.23
-0.0000044	2.77	0.105
-0.00000439	2.833	0.23
-0.00000438	2.708	0.1675
-0.00000437	2.77	0.1675
-0.00000436	2.708	0.1675
-0.00000435	2.708	0.23
-0.00000434	2.645	0.105
-0.00000433	2.77	0.1675
-0.00000432	2.645	0.1675
-0.00000431	2.708	0.1675
-0.0000043	2.645	0.1675
-0.00000429	2.708	0.1675
-0.00000428	2.708	0.1675
-0.00000427	2.833	0.23
-0.00000426	2.708	0.105
-0.00000425	2.77	0.2925
-0.00000424	2.645	0.105
-0.00000423	2.708	0.23
-0.00000422	2.645	0.105
-0.00000421	2.708	0.23
-0.0000042	2.645	0.1675
-0.00000419	2.708	0.1675
-0.00000418	2.645	0.105
-0.00000417	2.708	0.23
-0.00000416	2.645	0.1675
-0.00000415	2.708	0.1675
-0.00000414	2.645	0.105
-0.00000413	2.708	0.1675
-0.00000412	2.645	0.1675
-0.00000411	2.708	0.23
-0.0000041	2.583	0.1675
-0.00000409	2.645	0.1675
-0.00000408	2.583	0.1675
-0.00000407	2.708	0.23
-0.00000406	2.583	0.1675
-0.00000405	2.708	0.23
-0.00000404	2.583	0.1675
-0.00000403	2.645	0.1675
-0.00000402	2.583	0.105
-0.00000401	2.52	0.23
-0.000004	2.583	0.1675
-0.00000399	2.52	0.1675
-0.00000398	2.583	0.1675
-0.00000397	2.708	0.23
-0.00000396	2.583	0.1675
-0.00000395	2.52	0.1675
-0.00000394	2.583	0.1675
-0.00000393	2.645	0.23
-0.00000392	2.645	0.1675
-0.00000391	2.645	0.23
-0.0000039	2.583	0.1675
-0.00000389	2.645	0.23
-0.00000388	2.583	0.1675
-0.00000387	2.645	0.23
-0.00000386	2.583	0.1675
-0.00000385	2.708	0.23
-0.00000384	2.583	0.1675
-0.00000383	2.645	0.23
-0.00000382	2.583	0.1675
-0.00000381	2.645	0.23
-0.0000038	2.52	0.1675
-0.00000379	2.52	0.23
-0.00000378	2.583	0.105
-0.00000377	2.645	0.23
-0.00000376	2.52	0.1675
-0.00000375	2.52	0.23
-0.00000374	2.583	0.1675
-0.00000373	2.52	0.23
-0.00000372	2.52	0.1675
-0.00000371	2.52	0.23
-0.0000037	2.583	0.23
-0.00000369	2.645	0.23
-0.00000368	2.52	0.105
-0.00000367	2.52	0.2925
-0.00000366	2.52	0.1675
-0.00000365	2.52	0.23
-0.00000364	2.52	0.23
-0.00000363	2.645	0.23
-0.00000362	2.583	0.1675
-0.00000361	2.52	0.23
-0.0000036	2.52	0.1675
-0.00000359	2.645	0.2925
-0.00000358	2.583	0.1675
-0.00000357	2.52	0.23
-0.00000356	2.52	0.23
-0.00000355	2.52	0.2925
-0.00000354	2.52	0.23
-0.00000353	2.52	0.23
-0.00000352	2.52	0.1675
-0.00000351	2.52	0.23
-0.0000035	2.583	0.23
-0.00000349	2.52	0.23
-0.00000348	2.52	0.1675
-0.00000347	2.52	0.23
-0.00000346	2.52	0.1675
-0.00000345	2.395	0.23
-0.00000344	2.458	0.23
-0.00000343	2.52	0.23
-0.00000342	2.52	0.23
-0.00000341	2.52	0.23
-0.0000034	2.52	0.23
-0.00000339	2.645	0.23
-0.00000338	2.458	0.23
-0.00000337	2.52	0.23
-0.00000336	2.52	0.1675
-0.00000335	2.52	0.2925
-0.00000334	2.52	0.1675
-0.00000333	2.52	0.23
-0.00000332	2.583	0.1675
-0.00000331	2.52	0.2925
-0.0000033	2.458	0.23
-0.00000329	2.395	0.2925
-0.00000328	2.458	0.23
-0.00000327	2.395	0.23
-0.00000326	2.458	0.23
-0.00000325	2.52	0.23
-0.00000324	2.458	0.2925
-0.00000323	2.52	0.2925
-0.00000322	2.458	0.23
-0.00000321	2.395	0.23
-0.0000032	2.458	0.23
-0.00000319	2.395	0.2925
-0.00000318	2.458	0.23
-0.00000317	2.395	0.23
-0.00000316	2.458	0.2925
-0.00000315	2.52	0.2925
-0.00000314	2.458	0.1675
-0.00000313	2.395	0.23
-0.00000312	2.458	0.23
-0.00000311	2.395	0.2925
-0.0000031	2.458	0.23
-0.00000309	2.395	0.23
-0.00000308	2.458	0.23
-0.00000307	2.395	0.2925
-0.00000306	2.458	0.23
-0.00000305	2.52	0.23
-0.00000304	2.458	0.23
-0.00000303	2.52	0.355
-0.00000302	2.458	0.2925
-0.00000301	2.395	0.2925
-0.000003	2.458	0.2925
-0.00000299	2.395	0.2925
-0.00000298	2.458	0.2925
-0.00000297	2.395	0.2925
-0.00000296	2.458	0.2925
-0.00000295	2.395	0.2925
-0.00000294	2.458	0.2925
-0.00000293	2.395	0.23
-0.00000292	2.458	0.2925
-0.00000291	2.395	0.2925
-0.0000029	2.458	0.2925
-0.00000289	2.395	0.355
-0.00000288	2.395	0.2925
-0.00000287	2.395	0.2925
-0.00000286	2.458	0.2925
-0.00000285	2.395	0.2925
-0.00000284	2.395	0.2925
-0.00000283	2.395	0.2925
-0.00000282	2.458	0.2925
-0.00000281	2.395	0.355
-0.0000028	2.395	0.2925
-0.00000279	2.27	0.355
-0.00000278	2.395	0.2925
-0.00000277	2.395	0.355
-0.00000276	2.395	0.2925
-0.00000275	2.395	0.2925
-0.00000274	2.395	0.355
-0.00000273	2.395	0.2925
-0.00000272	2.395	0.2925
-0.00000271	2.395	0.2925
-0.0000027	2.395	0.2925
-0.00000269	2.395	0.355
-0.00000268	2.395	0.2925
-0.00000267	2.395	0.355
-0.00000266	2.333	0.2925
-0.00000265	2.395	0.2925
-0.00000264	2.395	0.2925
-0.00000263	2.27	0.2925
-0.00000262	2.395	0.2925
-0.00000261	2.27	0.355
-0.0000026	2.395	0.2925
-0.00000259	2.395	0.2925
-0.00000258	2.395	0.355
-0.00000257	2.27	0.355
-0.00000256	2.395	0.2925
-0.00000255	2.27	0.355
-0.00000254	2.333	0.2925
-0.00000253	2.27	0.2925
-0.00000252	2.333	0.2925
-0.00000251	2.27	0.2925
-0.0000025	2.333	0.355
-0.00000249	2.27	0.355
-0.00000248	2.333	0.355
-0.00000247	2.27	0.2925
-0.00000246	2.333	0.4175
-0.00000245	2.27	0.355
-0.00000244	2.333	0.355
-0.00000243	2.208	0.355
-0.00000242	2.333	0.355
-0.00000241	2.27	0.355
-0.0000024	2.333	0.2925
-0.00000239	2.27	0.2925
-0.00000238	2.333	0.355
-0.00000237	2.27	0.355
-0.00000236	2.27	0.355
-0.00000235	2.27	0.355
-0.00000234	2.333	0.355
-0.00000233	2.208	0.355
-0.00000232	2.27	0.355
-0.00000231	2.27	0.355
-0.0000023	2.333	0.4175
-0.00000229	2.27	0.4175
-0.00000228	2.333	0.2925
-0.00000227	2.27	0.4175
-0.00000226	2.27	0.355
-0.00000225	2.208	0.355
-0.00000224	2.27	0.355
-0.00000223	2.27	0.4175
-0.00000222	2.27	0.355
-0.00000221	2.208	0.355
-0.0000022	2.27	0.355
-0.00000219	2.208	0.355
-0.00000218	2.333	0.4175
-0.00000217	2.27	0.4175
-0.00000216	2.27	0.4175
-0.00000215	2.208	0.4175
-0.00000214	2.27	0.355
-0.00000213	2.208	0.4175
-0.00000212	2.27	0.355
-0.00000211	2.208	0.355
-0.0000021	2.27	0.48
-0.00000209	2.208	0.48
-0.00000208	2.27	0.4175
-0.00000207	2.208	0.4175
-0.00000206	2.27	0.4175
-0.00000205	2.208	0.5425
-0.00000204	2.27	0.4175
-0.00000203	2.208	0.4175
-0.00000202	2.27	0.4175
-0.00000201	2.208	0.4175
-0.000002	2.27	0.4175
-0.00000199	2.208	0.4175
-0.00000198	2.27	0.4175
-0.00000197	2.208	0.4175
-0.00000196	2.27	0.355
-0.00000195	2.208	0.48
-0.00000194	2.208	0.4175
-0.00000193	2.208	0.4175
-0.00000192	2.145	0.48
-0.00000191	2.208	0.4175
-0.0000019	2.27	0.4175
-0.00000189	2.208	0.4175
-0.00000188	2.27	0.4175
-0.00000187	2.208	0.4175
-0.00000186	2.208	0.48
-0.00000185	2.208	0.5425
-0.00000184	2.208	0.48
-0.00000183	2.145	0.48
-0.00000182	2.208	0.48
-0.00000181	2.208	0.5425
-0.0000018	2.208	0.48
-0.00000179	2.208	0.48
-0.00000178	2.208	0.48
-0.00000177	2.208	0.5425
-0.00000176	2.145	0.48
-0.00000175	2.208	0.48
-0.00000174	2.145	0.48
-0.00000173	2.208	0.5425
-0.00000172	2.145	0.48
-0.00000171	2.208	0.48
-0.0000017	2.208	0.48
-0.00000169	2.145	0.5425
-0.00000168	2.208	0.48
-0.00000167	2.208	0.48
-0.00000166	2.145	0.48
-0.00000165	2.145	0.5425
-0.00000164	2.145	0.48
-0.00000163	2.208	0.48
-0.00000162	2.145	0.48
-0.00000161	2.145	0.5425
-0.0000016	2.145	0.5425
-0.00000159	2.208	0.48
-0.00000158	2.145	0.48
-0.00000157	2.145	0.5425
-0.00000156	2.145	0.5425
-0.00000155	2.208	0.48
-0.00000154	2.145	0.5425
-0.00000153	2.145	0.5425
-0.00000152	2.145	0.48
-0.00000151	2.02	0.605
-0.0000015	2.145	0.5425
-0.00000149	2.208	0.48
-0.00000148	2.145	0.48
-0.00000147	2.02	0.5425
-0.00000146	2.145	0.48
-0.00000145	2.145	0.605
-0.00000144	2.083	0.5425
-0.00000143	2.208	0.48
-0.00000142	2.145	0.5425
-0.00000141	2.02	0.605
-0.0000014	2.083	0.48
-0.00000139	2.145	0.605
-0.00000138	2.083	0.5425
-0.00000137	2.02	0.5425
-0.00000136	2.083	0.605
-0.00000135	2.02	0.605
-0.00000134	2.145	0.5425
-0.00000133	2.02	0.605
-0.00000132	2.083	0.605
-0.00000131	2.208	0.605
-0.0000013	2.083	0.5425
-0.00000129	2.145	0.605
-0.00000128	2.083	0.605
-0.00000127	2.02	0.6675
-0.00000126	2.083	0.5425
-0.00000125	2.02	0.605
-0.00000124	2.083	0.5425
-0.00000123	2.02	0.605
-0.00000122	2.083	0.5425
-0.00000121	2.02	0.6675
-0.0000012	2.083	0.5425
-0.00000119	2.02	0.6675
-0.00000118	2.083	0.5425
-0.00000117	2.02	0.6675
-0.00000116	2.083	0.605
-0.00000115	2.02	0.6675
-0.00000114	2.02	0.6675
-0.00000113	2.02	0.6675
-0.00000112	2.083	0.605
-0.00000111	2.02	0.6675
-0.0000011	2.083	0.6675
-0.00000109	2.02	0.6675
-0.00000108	2.02	0.6675
-0.00000107	2.02	0.73
-0.00000106	2.02	0.6675
-0.00000105	2.02	0.6675
-0.00000104	2.083	0.73
-0.00000103	2.02	0.73
-0.00000102	2.083	0.6675
-0.00000101	2.02	0.6675
-0.000001	2.02	0.6675
-0.00000099	2.02	0.7925
-0.00000098	2.02	0.6675
-0.00000097	2.02	0.73
-0.00000096	2.083	0.73
-0.00000095	2.02	0.7925
-0.00000094	2.083	0.73
-0.00000093	2.02	0.73
-0.00000092	2.02	0.73
-0.00000091	2.02	0.7925
-0.0000009	2.083	0.73
-0.00000089	2.02	0.73
-0.00000088	2.02	0.7925
-0.00000087	2.02	0.7925
-0.00000086	2.02	0.7925
-0.00000085	2.02	0.7925
-0.00000084	2.02	0.855
-0.00000083	2.02	0.7925
-0.00000082	2.02	0.7925
-0.00000081	2.02	0.7925
-0.0000008	2.02	0.855
-0.00000079	2.02	0.855
-0.00000078	1.958	0.855
-0.00000077	2.02	0.9175
-0.00000076	2.02	0.855
-0.00000075	2.02	0.855
-0.00000074	1.958	0.9175
-0.00000073	1.958	0.9175
-0.00000072	1.958	0.9175
-0.00000071	1.895	0.9175
-0.0000007	1.958	0.9175
-0.00000069	1.958	0.98
-0.00000068	1.958	0.9175
-0.00000067	2.02	0.98
-0.00000066	1.958	0.98
-0.00000065	2.02	0.98
-0.00000064	1.958	0.98
-0.00000063	1.895	0.98
-0.00000062	2.02	1.105
-0.00000061	1.958	1.043
-0.0000006	1.958	1.105
-0.00000059	1.895	1.105
-0.00000058	1.958	1.105
-0.00000057	1.958	1.043
-0.00000056	1.958	1.168
-0.00000055	1.895	1.168
-0.00000054	1.958	1.168
-0.00000053	1.958	1.168
-0.00000052	1.958	1.23
-0.00000051	1.895	1.23
-0.0000005	1.833	1.293
-0.00000049	1.895	1.23
-0.00000048	1.958	1.293
-0.00000047	1.958	1.355
-0.00000046	1.895	1.355
-0.00000045	1.895	1.355
-0.00000044	1.895	1.355
-0.00000043	1.895	1.418
-0.00000042	1.895	1.48
-0.00000041	1.958	1.418
-0.0000004	1.895	1.48
-0.00000039	1.895	1.48
-0.00000038	1.895	1.543
-0.00000037	1.895	1.48
-0.00000036	1.895	1.605
-0.00000035	1.895	1.605
-0.00000034	1.895	1.668
-0.00000033	1.833	1.605
-0.00000032	1.895	1.73
-0.00000031	1.958	1.73
-0.0000003	1.833	1.793
-0.00000029	1.895	1.855
-0.00000028	1.895	1.855
-0.00000027	1.833	1.855
-0.00000026	1.895	1.918
-0.00000025	1.895	1.918
-0.00000024	1.895	1.98
-0.00000023	1.895	2.043
-0.00000022	1.833	1.98
-0.00000021	1.895	2.043
-0.0000002	1.833	2.105
-0.00000019	1.895	2.043
-0.00000018	1.833	2.168
-0.00000017	1.895	2.23
-0.00000016	1.833	2.293
-0.00000015	1.833	2.23
-0.00000014	1.833	2.355
-0.00000013	1.833	2.355
-0.00000012	1.833	2.418
-0.00000011	1.895	2.418
-0.0000001	1.895	2.48
-0.00000009	1.833	2.605
-0.00000008	1.833	2.543
-0.00000007	1.833	2.543
-0.00000006	1.77	2.605
-0.00000005	1.833	2.668
-0.00000004	1.833	2.668
-0.00000003	1.895	2.793
-0.00000002	1.833	2.73
-0.00000001	1.77	2.793
-6.08804931E-022	1.833	2.918
0.00000001	1.833	2.98
0.00000002	1.833	2.918
0.00000003	1.833	3.043
0.00000004	1.833	3.043
0.00000005	1.833	2.98
0.00000006	1.833	3.105
0.00000007	1.895	3.105
0.00000008	1.77	3.23
0.00000009	1.77	3.23
0.0000001	1.833	3.23
0.00000011	1.833	3.355
0.00000012	1.77	3.293
0.00000013	1.77	3.418
0.00000014	1.77	3.293
0.00000015	1.77	3.418
0.00000016	1.77	3.418
0.00000017	1.77	3.48
0.00000018	1.77	3.48
0.00000019	1.77	3.605
0.0000002	1.77	3.543
0.00000021	1.77	3.543
0.00000022	1.77	3.605
0.00000023	1.77	3.668
0.00000024	1.77	3.668
0.00000025	1.77	3.668
0.00000026	1.77	3.668
0.00000027	1.77	3.793
0.00000028	1.77	3.668
0.00000029	1.77	3.793
0.0000003	1.77	3.668
0.00000031	1.77	3.793
0.00000032	1.77	3.73
0.00000033	1.77	3.793
0.00000034	1.77	3.73
0.00000035	1.77	3.855
0.00000036	1.77	3.793
0.00000037	1.77	3.855
0.00000038	1.77	3.793
0.00000039	1.77	3.918
0.0000004	1.77	3.855
0.00000041	1.77	3.855
0.00000042	1.77	3.855
0.00000043	1.77	3.98
0.00000044	1.77	3.918
0.00000045	1.77	3.98
0.00000046	1.77	3.918
0.00000047	1.708	3.918
0.00000048	1.77	3.855
0.00000049	1.77	3.98
0.0000005	1.708	3.918
0.00000051	1.77	3.98
0.00000052	1.77	3.918
0.00000053	1.77	3.98
0.00000054	1.77	3.98
0.00000055	1.708	4.043
0.00000056	1.708	3.98
0.00000057	1.708	4.043
0.00000058	1.645	3.98
0.00000059	1.645	4.105
0.0000006	1.77	4.043
0.00000061	1.708	4.043
0.00000062	1.708	3.98
0.00000063	1.708	4.043
0.00000064	1.708	3.98
0.00000065	1.708	4.105
0.00000066	1.77	3.98
0.00000067	1.708	4.105
0.00000068	1.645	4.043
0.00000069	1.708	4.105
0.0000007	1.708	4.043
0.00000071	1.645	4.168
0.00000072	1.708	4.105
0.00000073	1.708	4.105
0.00000074	1.708	4.105
0.00000075	1.645	4.168
0.00000076	1.645	4.105
0.00000077	1.645	4.168
0.00000078	1.645	4.105
0.00000079	1.645	4.168
0.0000008	1.645	4.105
0.00000081	1.708	4.168
0.00000082	1.645	4.105
0.00000083	1.645	4.168
0.00000084	1.645	4.105
0.00000085	1.645	4.168
0.00000086	1.645	4.105
0.00000087	1.645	4.168
0.00000088	1.645	4.168
0.00000089	1.645	4.23
0.0000009	1.645	4.23
0.00000091	1.645	4.23
0.00000092	1.583	4.105
0.00000093	1.645	4.23
0.00000094	1.645	4.168
0.00000095	1.583	4.23
0.00000096	1.583	4.168
0.00000097	1.645	4.23
0.00000098	1.583	4.23
0.00000099	1.583	4.23
0.000001	1.645	4.168
0.00000101	1.583	4.23
0.00000102	1.645	4.23
0.00000103	1.645	4.293
0.00000104	1.645	4.168
0.00000105	1.583	4.293
0.00000106	1.583	4.23
0.00000107	1.583	4.293
0.00000108	1.583	4.293
0.00000109	1.645	4.293
0.0000011	1.583	4.23
0.00000111	1.645	4.355
0.00000112	1.583	4.293
0.00000113	1.645	4.293
0.00000114	1.583	4.293
0.00000115	1.583	4.355
0.00000116	1.645	4.293
0.00000117	1.645	4.293
0.00000118	1.583	4.293
0.00000119	1.583	4.293
0.0000012	1.52	4.293
0.00000121	1.583	4.355
0.00000122	1.583	4.293
0.00000123	1.583	4.355
0.00000124	1.583	4.293
0.00000125	1.583	4.418
0.00000126	1.583	4.293
0.00000127	1.583	4.293
0.00000128	1.52	4.293
0.00000129	1.583	4.355
0.0000013	1.583	4.293
0.00000131	1.583	4.418
0.00000132	1.458	4.355
0.00000133	1.52	4.355
0.00000134	1.52	4.293
0.00000135	1.583	4.418
0.00000136	1.52	4.293
0.00000137	1.583	4.355
0.00000138	1.52	4.355
0.00000139	1.52	4.418
0.0000014	1.52	4.355
0.00000141	1.52	4.418
0.00000142	1.52	4.418
0.00000143	1.583	4.355
0.00000144	1.458	4.355
0.00000145	1.52	4.48
0.00000146	1.52	4.418
0.00000147	1.583	4.418
0.00000148	1.52	4.355
0.00000149	1.583	4.48
0.0000015	1.458	4.355
0.00000151	1.52	4.418
0.00000152	1.458	4.418
0.00000153	1.52	4.48
0.00000154	1.458	4.418
0.00000155	1.52	4.48
0.00000156	1.458	4.418
0.00000157	1.52	4.418
0.00000158	1.458	4.418
0.00000159	1.52	4.418
0.0000016	1.458	4.418
0.00000161	1.52	4.48
0.00000162	1.458	4.418
0.00000163	1.52	4.418
0.00000164	1.458	4.418
0.00000165	1.52	4.48
0.00000166	1.458	4.48
0.00000167	1.52	4.418
0.00000168	1.458	4.48
0.00000169	1.52	4.48
0.0000017	1.458	4.48
0.00000171	1.52	4.48
0.00000172	1.458	4.48
0.00000173	1.395	4.48
0.00000174	1.458	4.48
0.00000175	1.52	4.48
0.00000176	1.458	4.543
0.00000177	1.52	4.48
0.00000178	1.395	4.48
0.00000179	1.52	4.48
0.0000018	1.458	4.48
0.00000181	1.395	4.543
0.00000182	1.458	4.543
0.00000183	1.395	4.543
0.00000184	1.458	4.48
0.00000185	1.52	4.48
0.00000186	1.395	4.543
0.00000187	1.52	4.543
0.00000188	1.458	4.48
0.00000189	1.52	4.48
0.0000019	1.458	4.543
0.00000191	1.52	4.543
0.00000192	1.395	4.48
0.00000193	1.395	4.543
0.00000194	1.458	4.543
0.00000195	1.52	4.543
0.00000196	1.458	4.543
0.00000197	1.395	4.543
0.00000198	1.395	4.543
0.00000199	1.52	4.543
0.000002	1.395	4.543
0.00000201	1.395	4.543
0.00000202	1.458	4.543
0.00000203	1.395	4.543
0.00000204	1.395	4.543
0.00000205	1.52	4.543
0.00000206	1.395	4.543
0.00000207	1.395	4.543
0.00000208	1.395	4.543
0.00000209	1.395	4.543
0.0000021	1.333	4.605
0.00000211	1.395	4.543
0.00000212	1.333	4.605
0.00000213	1.395	4.543
0.00000214	1.333	4.543
0.00000215	1.395	4.668
0.00000216	1.333	4.605
0.00000217	1.395	4.543
0.00000218	1.333	4.543
0.00000219	1.395	4.543
0.0000022	1.333	4.605
0.00000221	1.395	4.668
0.00000222	1.333	4.605
0.00000223	1.395	4.668
0.00000224	1.333	4.543
0.00000225	1.395	4.668
0.00000226	1.333	4.605
0.00000227	1.395	4.668
0.00000228	1.333	4.605
0.00000229	1.395	4.543
0.0000023	1.395	4.605
0.00000231	1.395	4.668
0.00000232	1.333	4.605
0.00000233	1.395	4.668
0.00000234	1.333	4.605
0.00000235	1.395	4.668
0.00000236	1.333	4.605
0.00000237	1.395	4.73
0.00000238	1.333	4.605
0.00000239	1.395	4.543
0.0000024	1.333	4.605
0.00000241	1.395	4.668
0.00000242	1.333	4.605
0.00000243	1.395	4.668
0.00000244	1.333	4.605
0.00000245	1.395	4.73
0.00000246	1.333	4.668
0.00000247	1.395	4.668
0.00000248	1.333	4.668
0.00000249	1.395	4.73
0.0000025	1.333	4.605
0.00000251	1.395	4.73
0.00000252	1.333	4.605
0.00000253	1.395	4.73
0.00000254	1.27	4.668
0.00000255	1.395	4.73
0.00000256	1.333	4.668
0.00000257	1.27	4.73
0.00000258	1.333	4.73
0.00000259	1.27	4.793
0.0000026	1.27	4.73
0.00000261	1.27	4.73
0.00000262	1.27	4.668
0.00000263	1.27	4.73
0.00000264	1.27	4.668
0.00000265	1.27	4.73
0.00000266	1.27	4.668
0.00000267	1.27	4.668
0.00000268	1.27	4.668
0.00000269	1.27	4.73
0.0000027	1.27	4.668
0.00000271	1.395	4.73
0.00000272	1.27	4.668
0.00000273	1.27	4.73
0.00000274	1.27	4.73
0.00000275	1.27	4.73
0.00000276	1.27	4.668
0.00000277	1.27	4.73
0.00000278	1.208	4.73
0.00000279	1.27	4.793
0.0000028	1.27	4.73
0.00000281	1.27	4.793
0.00000282	1.208	4.73
0.00000283	1.208	4.73
0.00000284	1.27	4.668
0.00000285	1.27	4.73
0.00000286	1.27	4.73
0.00000287	1.27	4.73
0.00000288	1.145	4.668
0.00000289	1.27	4.73
0.0000029	1.27	4.793
0.00000291	1.208	4.73
0.00000292	1.27	4.73
0.00000293	1.27	4.73
0.00000294	1.208	4.73
0.00000295	1.27	4.73
0.00000296	1.27	4.793
0.00000297	1.208	4.793
0.00000298	1.208	4.73
0.00000299	1.27	4.793
0.000003	1.208	4.73
0.00000301	1.208	4.793
0.00000302	1.208	4.73
0.00000303	1.208	4.793
0.00000304	1.208	4.73
0.00000305	1.208	4.73
0.00000306	1.208	4.73
0.00000307	1.208	4.793
0.00000308	1.27	4.73
0.00000309	1.208	4.855
0.0000031	1.145	4.793
0.00000311	1.208	4.793
0.00000312	1.145	4.793
0.00000313	1.208	4.793
0.00000314	1.208	4.73
0.00000315	1.208	4.793
0.00000316	1.145	4.73
0.00000317	1.208	4.793
0.00000318	1.145	4.73
0.00000319	1.208	4.793
0.0000032	1.208	4.73
0.00000321	1.208	4.793
0.00000322	1.145	4.793
0.00000323	1.208	4.793
0.00000324	1.145	4.793
0.00000325	1.208	4.793
0.00000326	1.145	4.73
0.00000327	1.208	4.793
0.00000328	1.145	4.793
0.00000329	1.208	4.793
0.0000033	1.145	4.793
0.00000331	1.208	4.793
0.00000332	1.145	4.793
0.00000333	1.208	4.855
0.00000334	1.145	4.793
0.00000335	1.145	4.793
0.00000336	1.083	4.793
0.00000337	1.208	4.793
0.00000338	1.145	4.855
0.00000339	1.208	4.793
0.0000034	1.083	4.793
0.00000341	1.145	4.793
0.00000342	1.145	4.855
0.00000343	1.145	4.855
0.00000344	1.145	4.793
0.00000345	1.208	4.793
0.00000346	1.145	4.793
0.00000347	1.145	4.793
0.00000348	1.083	4.793
0.00000349	1.145	4.855
0.0000035	1.145	4.793
0.00000351	1.145	4.793
0.00000352	1.02	4.793
0.00000353	1.145	4.855
0.00000354	1.083	4.855
0.00000355	1.145	4.793
0.00000356	1.083	4.793
0.00000357	1.145	4.793
0.00000358	1.083	4.855
0.00000359	1.145	4.793
0.0000036	1.083	4.855
0.00000361	1.145	4.855
0.00000362	1.083	4.855
0.00000363	1.083	4.855
0.00000364	1.02	4.73
0.00000365	1.145	4.793
0.00000366	1.02	4.855
0.00000367	1.083	4.793
0.00000368	1.02	4.855
0.00000369	1.145	4.793
0.0000037	1.02	4.793
0.00000371	1.145	4.855
0.00000372	1.02	4.855
0.00000373	1.145	4.793
0.00000374	1.083	4.793
0.00000375	1.083	4.855
0.00000376	1.02	4.793
0.00000377	1.083	4.855
0.00000378	1.02	4.793
0.00000379	1.145	4.855
0.0000038	1.02	4.855
0.00000381	1.083	4.855
0.00000382	1.02	4.855
0.00000383	1.083	4.855
0.00000384	1.02	4.793
0.00000385	1.083	4.855
0.00000386	1.02	4.855
0.00000387	1.083	4.855
0.00000388	0.9575	4.855
0.00000389	1.083	4.855
0.0000039	1.02	4.793
0.00000391	1.083	4.855
0.00000392	1.02	4.855
0.00000393	1.083	4.855
0.00000394	1.02	4.918
0.00000395	1.083	4.855
0.00000396	0.9575	4.855
0.00000397	0.9575	4.855
0.00000398	1.02	4.855
0.00000399	1.083	4.855
0.000004	0.9575	4.855
0.00000401	1.02	4.855
0.00000402	0.9575	4.918
0.00000403	0.9575	4.855
0.00000404	0.9575	4.855
0.00000405	1.02	4.855
0.00000406	1.02	4.918
0.00000407	0.9575	4.855
0.00000408	1.02	4.855
0.00000409	1.083	4.855
0.0000041	0.9575	4.855
0.00000411	1.02	4.98
0.00000412	0.9575	4.918
0.00000413	0.9575	4.855
0.00000414	1.02	4.855
0.00000415	1.02	4.98
0.00000416	0.9575	4.855
0.00000417	0.9575	4.855
0.00000418	0.9575	4.855
0.00000419	1.02	4.98
0.0000042	0.9575	4.855
0.00000421	0.9575	4.855
0.00000422	0.9575	4.918
0.00000423	1.02	4.855
0.00000424	0.9575	4.855
0.00000425	0.9575	4.98
0.00000426	0.9575	4.855
0.00000427	1.02	4.98
0.00000428	0.9575	4.918
0.00000429	0.9575	4.855
0.0000043	0.9575	4.918
0.00000431	1.02	4.98
0.00000432	0.9575	4.855
0.00000433	0.9575	4.98
0.00000434	0.9575	4.918
0.00000435	1.02	4.98
0.00000436	0.9575	4.918
0.00000437	0.9575	4.98
0.00000438	0.9575	4.918
0.00000439	1.02	4.855
0.0000044	0.9575	4.918
0.00000441	0.895	4.98
0.00000442	0.9575	4.855
0.00000443	0.895	4.855
0.00000444	0.8325	4.855
0.00000445	0.9575	4.98
0.00000446	0.9575	4.918
0.00000447	1.02	4.855
0.00000448	0.895	4.918
0.00000449	0.895	4.855
0.0000045	0.895	4.855
0.00000451	0.895	4.855
0.00000452	0.895	4.918
0.00000453	0.895	4.98
0.00000454	0.8325	4.918
0.00000455	0.895	4.98
0.00000456	0.8325	4.918
0.00000457	0.895	4.855
0.00000458	0.895	4.855
0.00000459	0.895	4.98
0.0000046	0.9575	4.918
0.00000461	0.895	4.855
0.00000462	0.8325	4.918
0.00000463	0.895	4.98
0.00000464	0.8325	4.918
0.00000465	0.895	4.98
0.00000466	0.8325	4.918
0.00000467	0.895	4.98
0.00000468	0.77	4.918
0.00000469	0.895	4.98
0.0000047	0.8325	4.918
0.00000471	0.895	4.98
0.00000472	0.8325	4.918
0.00000473	0.895	4.855
0.00000474	0.77	4.918
0.00000475	0.895	4.98
0.00000476	0.8325	4.918
0.00000477	0.895	4.98
0.00000478	0.8325	4.918
0.00000479	0.895	4.98
0.0000048	0.8325	4.855
0.00000481	0.895	4.98
0.00000482	0.77	4.855
0.00000483	0.8325	4.98
0.00000484	0.8325	4.918
0.00000485	0.895	4.98
0.00000486	0.8325	4.918
0.00000487	0.8325	4.98
0.00000488	0.77	4.918
0.00000489	0.895	4.855
0.0000049	0.77	4.918
0.00000491	0.895	4.98
0.00000492	0.8325	4.918
0.00000493	0.895	4.98
0.00000494	0.77	4.855
0.00000495	0.8325	4.98
0.00000496	0.77	4.855
0.00000497	0.8325	4.98
0.00000498	0.77	4.918
0.00000499	0.895	4.855
0.000005	0.77	4.918
0.00000501	0.8325	5.043
0.00000502	0.77	4.918
0.00000503	0.8325	4.98
0.00000504	0.77	4.918
0.00000505	0.8325	4.98
0.00000506	0.77	4.98
0.00000507	0.8325	4.855
0.00000508	0.77	4.918
0.00000509	0.8325	4.98
0.0000051	0.77	4.918
0.00000511	0.8325	4.98
0.00000512	0.77	4.918
0.00000513	0.8325	4.98
0.00000514	0.77	4.98
0.00000515	0.77	4.98
0.00000516	0.77	4.918
0.00000517	0.7075	4.855
0.00000518	0.77	4.918
0.00000519	0.8325	4.98
0.0000052	0.77	4.918
0.00000521	0.77	4.98
0.00000522	0.7075	4.855
0.00000523	0.8325	4.98
0.00000524	0.7075	4.918
0.00000525	0.8325	4.98
0.00000526	0.7075	4.918
0.00000527	0.7075	4.98
0.00000528	0.645	4.918
0.00000529	0.8325	4.98
0.0000053	0.77	4.918
0.00000531	0.77	4.98
0.00000532	0.77	4.855
0.00000533	0.8325	4.98
0.00000534	0.7075	4.918
0.00000535	0.7075	4.98
0.00000536	0.77	4.918
0.00000537	0.77	4.98
0.00000538	0.7075	4.918
0.00000539	0.7075	4.98
0.0000054	0.77	4.918
0.00000541	0.77	4.855
0.00000542	0.7075	4.918
0.00000543	0.7075	4.98
0.00000544	0.7075	4.918
0.00000545	0.7075	4.98
0.00000546	0.7075	4.918
0.00000547	0.77	4.98
0.00000548	0.7075	4.98
0.00000549	0.7075	4.98
0.0000055	0.7075	4.918
0.00000551	0.77	4.98
0.00000552	0.7075	4.918
0.00000553	0.7075	4.98
0.00000554	0.7075	4.918
0.00000555	0.7075	4.98
0.00000556	0.7075	4.98
0.00000557	0.7075	4.98
0.00000558	0.7075	4.855
0.00000559	0.77	4.98
0.0000056	0.7075	4.918
0.00000561	0.7075	4.98
0.00000562	0.645	4.918
0.00000563	0.7075	4.98
0.00000564	0.645	4.918
0.00000565	0.7075	4.98
0.00000566	0.645	4.918
0.00000567	0.7075	4.855
0.00000568	0.645	4.918
0.00000569	0.7075	4.98
0.0000057	0.645	4.918
0.00000571	0.7075	4.98
0.00000572	0.645	4.918
0.00000573	0.7075	4.98
0.00000574	0.645	4.918
0.00000575	0.645	4.98
0.00000576	0.645	4.918
0.00000577	0.7075	4.98
0.00000578	0.645	4.98
0.00000579	0.7075	4.98
0.0000058	0.645	4.918
0.00000581	0.7075	4.98
0.00000582	0.645	4.918
0.00000583	0.7075	4.98
0.00000584	0.645	4.918
0.00000585	0.5825	4.98
0.00000586	0.5825	4.918
0.00000587	0.7075	4.98
0.00000588	0.5825	4.918
0.00000589	0.7075	4.98
0.0000059	0.5825	4.918
0.00000591	0.645	4.98
0.00000592	0.5825	4.918
0.00000593	0.5825	4.98
0.00000594	0.5825	4.918
0.00000595	0.7075	4.98
0.00000596	0.645	4.918
0.00000597	0.645	4.98
0.00000598	0.645	4.98
0.00000599	0.5825	4.98
0.000006	0.5825	4.918
0.00000601	0.645	4.98
0.00000602	0.5825	4.98
0.00000603	0.5825	4.98
0.00000604	0.5825	4.918
0.00000605	0.645	4.98
0.00000606	0.5825	4.918
0.00000607	0.5825	4.98
0.00000608	0.5825	4.918
0.00000609	0.5825	4.98
0.0000061	0.5825	4.98
0.00000611	0.5825	4.98
0.00000612	0.645	4.918
0.00000613	0.645	4.98
0.00000614	0.5825	4.918
0.00000615	0.5825	4.98
0.00000616	0.52	4.918
0.00000617	0.645	4.98
0.00000618	0.5825	4.918
0.00000619	0.5825	4.98
0.0000062	0.52	4.918
0.00000621	0.5825	4.98
0.00000622	0.52	4.918
0.00000623	0.5825	4.98
0.00000624	0.52	4.918
0.00000625	0.5825	4.98
0.00000626	0.52	4.918
0.00000627	0.5825	5.043
0.00000628	0.52	4.855
0.00000629	0.645	4.98
0.0000063	0.52	4.918
0.00000631	0.5825	4.98
0.00000632	0.52	4.918
0.00000633	0.5825	4.98
0.00000634	0.52	4.918
0.00000635	0.5825	4.98
0.00000636	0.52	4.918
0.00000637	0.5825	4.98
0.00000638	0.52	4.918
0.00000639	0.5825	4.98
0.0000064	0.52	4.918
0.00000641	0.5825	4.98
0.00000642	0.52	4.918
0.00000643	0.5825	4.98
0.00000644	0.52	4.918
0.00000645	0.5825	4.98
0.00000646	0.52	4.918
0.00000647	0.5825	4.98
0.00000648	0.52	4.98
0.00000649	0.4575	4.98
0.0000065	0.4575	4.918
0.00000651	0.5825	4.98
0.00000652	0.4575	4.918
0.00000653	0.4575	4.98
0.00000654	0.4575	4.918
0.00000655	0.52	4.98
0.00000656	0.4575	4.918
0.00000657	0.4575	4.98
0.00000658	0.4575	4.98
0.00000659	0.4575	4.98
0.0000066	0.4575	4.918
0.00000661	0.4575	4.98
0.00000662	0.4575	4.918
0.00000663	0.52	4.98
0.00000664	0.52	4.918
0.00000665	0.4575	4.98
0.00000666	0.4575	4.918
0.00000667	0.4575	4.98
0.00000668	0.4575	4.918
0.00000669	0.4575	4.98
0.0000067	0.4575	4.918
0.00000671	0.52	4.98
0.00000672	0.4575	4.918
0.00000673	0.4575	4.98
0.00000674	0.4575	4.918
0.00000675	0.4575	4.98
0.00000676	0.4575	4.918
0.00000677	0.4575	4.98
0.00000678	0.52	4.918
0.00000679	0.52	4.98
0.0000068	0.4575	4.918
0.00000681	0.395	4.98
0.00000682	0.395	4.918
0.00000683	0.4575	4.98
0.00000684	0.395	4.918
0.00000685	0.395	4.98
0.00000686	0.395	4.918
0.00000687	0.395	4.98
0.00000688	0.395	4.918
0.00000689	0.395	4.98
0.0000069	0.395	4.918
0.00000691	0.4575	4.98
0.00000692	0.395	4.918
0.00000693	0.395	4.98
0.00000694	0.4575	4.918
0.00000695	0.395	4.98
0.00000696	0.4575	4.855
0.00000697	0.395	4.98
0.00000698	0.395	4.918
0.00000699	0.395	4.98
0.000007	0.395	4.918
0.00000701	0.395	4.98
0.00000702	0.4575	4.918
0.00000703	0.395	4.98
0.00000704	0.395	4.918
0.00000705	0.4575	4.98
0.00000706	0.3325	4.918
0.00000707	0.395	4.98
0.00000708	0.395	4.918
0.00000709	0.395	4.98
0.0000071	0.395	4.98
0.00000711	0.395	4.98
0.00000712	0.3325	4.918
0.00000713	0.395	4.98
0.00000714	0.395	4.918
0.00000715	0.3325	4.855
0.00000716	0.395	4.918
0.00000717	0.3325	4.98
0.00000718	0.395	4.918
0.00000719	0.395	4.98
0.0000072	0.3325	4.918
0.00000721	0.3325	4.98
0.00000722	0.3325	4.918
0.00000723	0.395	4.98
0.00000724	0.3325	4.918
0.00000725	0.3325	4.98
0.00000726	0.3325	4.918
0.00000727	0.3325	4.98
0.00000728	0.395	4.918
0.00000729	0.3325	4.98
0.0000073	0.3325	4.918
0.00000731	0.395	4.98
0.00000732	0.3325	4.918
0.00000733	0.3325	4.98
0.00000734	0.395	4.855
0.00000735	0.3325	5.043
0.00000736	0.3325	4.918
0.00000737	0.3325	4.98
0.00000738	0.3325	4.918
0.00000739	0.27	4.98
0.0000074	0.3325	4.918
0.00000741	0.395	4.98
0.00000742	0.3325	4.918
0.00000743	0.3325	4.98
0.00000744	0.3325	4.918
0.00000745	0.3325	4.98
0.00000746	0.3325	4.918
0.00000747	0.3325	4.98
0.00000748	0.3325	4.918
0.00000749	0.395	4.98
0.0000075	0.27	4.918
0.00000751	0.3325	4.98
0.00000752	0.3325	4.918
0.00000753	0.27	4.98
0.00000754	0.3325	4.918
0.00000755	0.27	4.98
0.00000756	0.27	4.918
0.00000757	0.27	4.98
0.00000758	0.2075	4.918
0.00000759	0.27	4.98
0.0000076	0.27	4.98
0.00000761	0.3325	4.98
0.00000762	0.27	4.918
0.00000763	0.3325	4.98
0.00000764	0.27	4.918
0.00000765	0.27	4.98
0.00000766	0.27	4.918
0.00000767	0.27	4.98
0.00000768	0.27	4.918
0.00000769	0.27	4.98
0.0000077	0.27	4.918
0.00000771	0.2075	4.98
0.00000772	0.27	4.918
0.00000773	0.27	4.98
0.00000774	0.2075	4.98
0.00000775	0.27	4.98
0.00000776	0.3325	4.918
0.00000777	0.2075	5.043
0.00000778	0.2075	4.918
0.00000779	0.2075	4.98
0.0000078	0.145	4.918
0.00000781	0.2075	4.98
0.00000782	0.2075	4.918
0.00000783	0.27	4.98
0.00000784	0.2075	4.918
0.00000785	0.395	4.98
0.00000786	0.2075	4.918
0.00000787	0.2075	4.98
0.00000788	0.2075	4.918
0.00000789	0.2075	4.98
0.0000079	0.2075	4.918
0.00000791	0.2075	4.98
0.00000792	0.2075	4.918
0.00000793	0.2075	4.98
0.00000794	0.2075	4.918
0.00000795	0.27	4.98
0.00000796	0.2075	4.918
0.00000797	0.27	4.855
0.00000798	0.2075	4.918
0.00000799	0.2075	4.98
0.000008	0.2075	4.918
0.00000801	0.2075	4.98
0.00000802	0.145	4.918
0.00000803	0.2075	4.98
0.00000804	0.27	4.918
0.00000805	0.2075	4.98
0.00000806	0.2075	4.918
0.00000807	0.2075	4.98
0.00000808	0.145	4.918
0.00000809	0.2075	4.98
0.0000081	0.145	4.918
0.00000811	0.2075	4.98
0.00000812	0.145	4.918
0.00000813	0.2075	4.98
0.00000814	0.145	4.98
0.00000815	0.2075	4.98
0.00000816	0.145	4.918
0.00000817	0.2075	4.98
0.00000818	0.145	4.918
0.00000819	0.2075	4.98
0.0000082	0.145	4.918
0.00000821	0.2075	4.855
0.00000822	0.145	4.918
0.00000823	0.2075	4.98
0.00000824	0.145	4.918
0.00000825	0.2075	4.98
0.00000826	0.145	4.918
0.00000827	0.2075	4.98
0.00000828	0.145	4.918
0.00000829	0.2075	4.98
0.0000083	0.145	4.918
0.00000831	0.2075	4.98
0.00000832	0.0825	4.918
0.00000833	0.2075	4.98
0.00000834	0.145	4.918
0.00000835	0.2075	4.98
0.00000836	0.145	4.918
0.00000837	0.2075	4.98
0.00000838	0.145	4.918
0.00000839	0.2075	4.98
0.0000084	0.145	4.918
0.00000841	0.2075	4.98
0.00000842	0.0825	4.918
0.00000843	0.0825	4.98
0.00000844	0.0825	4.918
0.00000845	0.2075	4.98
0.00000846	0.0825	4.918
0.00000847	0.145	4.98
0.00000848	0.145	4.918
0.00000849	0.2075	4.98
0.0000085	0.0825	4.98
0.00000851	0.0825	4.98
0.00000852	0.0825	4.918
0.00000853	0.0825	4.98
0.00000854	0.0825	4.918
0.00000855	0.0825	4.98
0.00000856	0.0825	4.918
0.00000857	0.145	5.043
0.00000858	0.0825	4.918
0.00000859	0.0825	4.98
0.0000086	0.0825	4.918
0.00000861	0.0825	4.98
0.00000862	0.0825	4.918
0.00000863	0.0825	4.98
0.00000864	0.0825	4.918
0.00000865	0.145	4.98
0.00000866	0.02	4.98
0.00000867	0.0825	4.98
0.00000868	0.0825	4.918
0.00000869	0.02	4.98
0.0000087	0.02	4.918
0.00000871	0.02	4.98
0.00000872	0.02	4.918
0.00000873	0.02	4.98
0.00000874	0.0825	4.918
0.00000875	0.0825	4.98
0.00000876	0.0825	4.918
0.00000877	0.02	4.98
0.00000878	0.0825	4.918
0.00000879	0.0825	4.98
0.0000088	0.0825	4.918
0.00000881	0.02	4.98
0.00000882	0.0825	4.918
0.00000883	0.02	5.043
0.00000884	0.0825	4.918
0.00000885	0.145	4.98
0.00000886	0.0825	4.918
0.00000887	0.0825	4.98
0.00000888	-0.0425	4.918
0.00000889	0.02	4.98
0.0000089	0.02	4.918
0.00000891	0.02	4.98
0.00000892	-0.0425	4.918
0.00000893	0.02	4.98
0.00000894	0.02	4.918
0.00000895	0.02	4.98
0.00000896	0.0825	4.918
0.00000897	0.02	4.98
0.00000898	-0.0425	4.918
0.00000899	-0.0425	4.98
0.000009	-0.0425	4.918
0.00000901	0.02	4.98
0.00000902	0.02	4.918
0.00000903	0.0825	4.98
0.00000904	0.02	4.918
0.00000905	0.0825	4.98
0.00000906	0.02	4.918
0.00000907	0.145	4.98
0.00000908	-0.0425	4.918
0.00000909	0.02	4.98
0.0000091	0.02	4.918
0.00000911	0.0825	4.98
0.00000912	0.02	4.98
0.00000913	0.02	4.98
0.00000914	0.02	4.918
0.00000915	0.02	4.98
0.00000916	0.0825	4.918
0.00000917	0.02	4.98
0.00000918	0.02	4.918
0.00000919	0.0825	4.98
0.0000092	0.02	4.918
0.00000921	0.02	4.98
0.00000922	0.0825	4.98
0.00000923	0.02	4.98
0.00000924	0.0825	4.918
0.00000925	0.0825	4.98
0.00000926	0.0825	4.918
0.00000927	0.145	4.98
0.00000928	0.02	4.918
0.00000929	0.0825	4.98
0.0000093	0.0825	4.918
0.00000931	0.0825	5.043
0.00000932	0.0825	4.918
0.00000933	0.0825	4.98
0.00000934	0.0825	4.918
0.00000935	0.145	4.98
0.00000936	0.145	4.98
0.00000937	0.0825	4.98
0.00000938	0.0825	4.918
0.00000939	0.0825	4.98
0.0000094	0.0825	4.918
0.00000941	0.0825	4.98
0.00000942	0.0825	4.918
0.00000943	0.145	4.98
0.00000944	0.0825	4.918
0.00000945	0.0825	4.98
0.00000946	0.0825	4.918
0.00000947	0.0825	4.98
0.00000948	0.0825	4.918
0.00000949	0.0825	4.98
0.0000095	0.0825	4.918
0.00000951	0.145	4.98
0.00000952	0.145	4.918
0.00000953	0.2075	4.98
0.00000954	0.0825	4.918
0.00000955	0.2075	4.98
0.00000956	0.0825	4.918
0.00000957	0.0825	4.98
0.00000958	0.145	4.918
0.00000959	0.2075	4.98
0.0000096	0.0825	4.918
0.00000961	0.0825	4.98
0.00000962	0.145	4.918
0.00000963	0.2075	5.043
0.00000964	0.145	4.918
0.00000965	0.2075	4.98
0.00000966	0.145	4.918
0.00000967	0.2075	4.98
0.00000968	0.145	4.98
0.00000969	0.2075	4.98
0.0000097	0.145	4.98
0.00000971	0.2075	4.98
0.00000972	0.145	4.918
0.00000973	0.2075	4.98
0.00000974	0.145	4.98
0.00000975	0.2075	4.98
0.00000976	0.145	4.918
0.00000977	0.2075	4.98
0.00000978	0.145	4.918
0.00000979	0.2075	4.98
0.0000098	0.145	4.918
0.00000981	0.2075	4.98
0.00000982	0.145	4.918
0.00000983	0.2075	4.98
0.00000984	0.145	4.918
0.00000985	0.2075	4.98
0.00000986	0.145	4.918
0.00000987	0.2075	4.98
0.00000988	0.145	4.918
0.00000989	0.2075	4.98
0.0000099	0.145	4.918
0.00000991	0.2075	4.98
0.00000992	0.145	4.918
0.00000993	0.2075	4.98
0.00000994	0.2075	4.918
0.00000995	0.2075	4.98
0.00000996	0.2075	4.918
0.00000997	0.2075	4.98
0.00000998	0.2075	4.918
0.00000999	0.2075	4.98
