x-axis-Sec	ch1	ch2	ch2
-0.000025	-0.12	4.984	4.943
-0.000024975	0.005	5.125	4.943
-0.00002495	-0.12	5.062	5.005
-0.000024925	-0.12	4.922	4.943
-0.0000249	-0.12	4.937	4.943
-0.000024875	-0.12	5.047	4.88
-0.00002485	-0.12	4.984	4.943
-0.000024825	-0.12	5	4.88
-0.0000248	-0.12	5	4.943
-0.000024775	0.005	4.937	4.943
-0.00002475	-0.12	5	4.88
-0.000024725	0.005	5	4.943
-0.0000247	0.005	4.968	4.88
-0.000024675	-0.12	4.984	4.943
-0.00002465	-0.0575	5	4.943
-0.000024625	-0.12	4.968	4.88
-0.0000246	-0.12	4.984	4.88
-0.000024575	-0.12	4.984	4.943
-0.00002455	-0.12	4.968	5.005
-0.000024525	0.005	4.984	4.943
-0.0000245	0.005	4.968	4.88
-0.000024475	-0.12	4.968	4.943
-0.00002445	-0.12	5	5.005
-0.000024425	-0.0575	5.015	4.88
-0.0000244	0.005	5	5.005
-0.000024375	-0.12	5	4.943
-0.00002435	-0.12	4.968	5.005
-0.000024325	-0.12	5	4.943
-0.0000243	0.005	5	4.88
-0.000024275	-0.12	5	4.943
-0.00002425	-0.12	4.984	4.88
-0.000024225	0.005	4.968	4.943
-0.0000242	-0.12	4.984	4.943
-0.000024175	-0.12	4.968	4.88
-0.00002415	-0.12	4.984	4.88
-0.000024125	-0.12	4.968	4.943
-0.0000241	-0.0575	4.968	4.943
-0.000024075	-0.12	5	4.943
-0.00002405	-0.12	5	4.943
-0.000024025	-0.12	5	4.943
-0.000024	-0.0575	4.968	4.943
-0.000023975	0.005	4.984	4.943
-0.00002395	-0.0575	4.984	5.005
-0.000023925	-0.12	4.984	4.88
-0.0000239	0.005	4.968	4.943
-0.000023875	0.005	5	5.005
-0.00002385	-0.12	5	4.943
-0.000023825	-0.12	4.984	4.943
-0.0000238	-0.12	5	4.88
-0.000023775	-0.12	4.984	4.943
-0.00002375	0.005	4.968	4.943
-0.000023725	-0.12	4.968	4.943
-0.0000237	-0.12	4.984	4.88
-0.000023675	0.005	4.968	4.88
-0.00002365	-0.12	5.015	4.88
-0.000023625	-0.0575	4.968	4.943
-0.0000236	-0.12	4.968	4.943
-0.000023575	0.005	5	4.943
-0.00002355	-0.12	4.984	4.943
-0.000023525	0.005	4.984	4.943
-0.0000235	-0.0575	4.968	4.88
-0.000023475	-0.12	4.968	4.943
-0.00002345	-0.12	5	4.943
-0.000023425	-0.12	4.968	4.943
-0.0000234	-0.12	5	4.943
-0.000023375	-0.12	5	4.943
-0.00002335	-0.12	4.984	4.943
-0.000023325	-0.12	4.968	4.88
-0.0000233	-0.12	4.968	4.943
-0.000023275	-0.12	4.984	4.943
-0.00002325	-0.12	5	4.943
-0.000023225	-0.12	4.968	4.943
-0.0000232	-0.12	4.984	5.005
-0.000023175	-0.12	4.968	4.943
-0.00002315	-0.12	4.984	4.943
-0.000023125	-0.12	4.968	4.943
-0.0000231	0.005	4.968	4.943
-0.000023075	-0.12	4.968	4.943
-0.00002305	-0.12	5	4.88
-0.000023025	-0.12	5.015	4.943
-0.000023	-0.12	4.968	4.88
-0.000022975	-0.0575	5	4.943
-0.00002295	-0.12	5	4.88
-0.000022925	-0.12	5	4.943
-0.0000229	-0.12	4.984	5.005
-0.000022875	-0.12	5.015	4.943
-0.00002285	-0.12	4.984	4.943
-0.000022825	-0.12	4.968	4.88
-0.0000228	-0.12	4.968	4.88
-0.000022775	-0.12	5	4.88
-0.00002275	0.005	5	4.943
-0.000022725	-0.12	4.968	4.943
-0.0000227	-0.12	4.984	4.943
-0.000022675	-0.12	4.984	4.943
-0.00002265	-0.12	5	4.943
-0.000022625	-0.12	5	5.005
-0.0000226	-0.12	4.968	4.943
-0.000022575	-0.12	5	4.943
-0.00002255	0.005	4.968	4.88
-0.000022525	-0.12	5	4.88
-0.0000225	-0.0575	5	4.943
-0.000022475	-0.12	5	4.943
-0.00002245	-0.12	4.968	5.005
-0.000022425	-0.12	4.968	4.88
-0.0000224	-0.12	4.984	4.943
-0.000022375	-0.0575	4.984	4.943
-0.00002235	-0.0575	4.968	4.943
-0.000022325	-0.12	4.984	5.005
-0.0000223	-0.12	4.984	4.943
-0.000022275	-0.0575	5.015	4.88
-0.00002225	-0.12	5	4.88
-0.000022225	-0.12	4.968	4.943
-0.0000222	0.005	4.968	4.943
-0.000022175	-0.12	5	4.943
-0.00002215	-0.12	4.984	4.943
-0.000022125	-0.12	5	5.005
-0.0000221	0.005	4.984	4.943
-0.000022075	-0.12	5	4.943
-0.00002205	-0.12	4.984	4.943
-0.000022025	-0.12	5	4.943
-0.000022	-0.12	5	4.943
-0.000021975	0.005	4.984	4.943
-0.00002195	-0.12	4.968	4.88
-0.000021925	-0.12	5	4.88
-0.0000219	-0.12	5	4.88
-0.000021875	-0.12	5	5.005
-0.00002185	-0.12	4.984	4.943
-0.000021825	-0.12	5	4.943
-0.0000218	-0.12	4.968	4.943
-0.000021775	-0.12	4.984	4.943
-0.00002175	-0.12	4.984	4.943
-0.000021725	-0.12	4.984	5.005
-0.0000217	-0.12	4.984	4.88
-0.000021675	-0.12	5	4.943
-0.00002165	-0.12	4.984	4.943
-0.000021625	-0.12	5	4.943
-0.0000216	-0.12	4.968	4.943
-0.000021575	0.005	5.015	4.943
-0.00002155	-0.0575	4.984	4.943
-0.000021525	-0.0575	4.984	4.943
-0.0000215	-0.12	4.968	4.943
-0.000021475	-0.12	5	4.943
-0.00002145	0.005	4.968	4.943
-0.000021425	-0.12	5	5.005
-0.0000214	-0.12	4.984	4.943
-0.000021375	-0.12	4.968	5.005
-0.00002135	0.005	4.968	4.88
-0.000021325	-0.12	5.015	4.943
-0.0000213	-0.12	5	4.88
-0.000021275	-0.12	4.984	4.943
-0.00002125	-0.12	4.984	4.943
-0.000021225	-0.12	5	4.943
-0.0000212	-0.12	4.984	4.943
-0.000021175	-0.12	4.984	4.943
-0.00002115	-0.12	5	4.88
-0.000021125	-0.12	5	4.943
-0.0000211	-0.12	4.984	4.943
-0.000021075	-0.0575	5	4.943
-0.00002105	0.005	5	4.943
-0.000021025	-0.12	5	5.005
-0.000021	-0.12	4.968	4.943
-0.000020975	0.005	5	4.943
-0.00002095	-0.12	4.968	4.943
-0.000020925	-0.0575	5	5.005
-0.0000209	-0.12	5	4.943
-0.000020875	-0.12	4.984	4.943
-0.00002085	-0.0575	4.984	4.943
-0.000020825	-0.0575	4.984	4.943
-0.0000208	0.005	5	4.88
-0.000020775	-0.1825	4.984	4.943
-0.00002075	0.005	4.984	4.943
-0.000020725	-0.12	5	4.88
-0.0000207	-0.12	4.968	4.943
-0.000020675	-0.12	5	4.943
-0.00002065	-0.12	4.984	4.943
-0.000020625	-0.12	4.984	4.943
-0.0000206	-0.0575	4.984	4.88
-0.000020575	-0.0575	4.984	4.943
-0.00002055	0.005	5	4.88
-0.000020525	-0.12	4.984	4.88
-0.0000205	-0.12	5	4.943
-0.000020475	0.005	4.984	4.943
-0.00002045	-0.12	4.968	4.943
-0.000020425	-0.12	5.015	4.943
-0.0000204	-0.0575	4.968	4.943
-0.000020375	-0.12	5	4.943
-0.00002035	-0.0575	4.968	4.943
-0.000020325	-0.12	4.984	4.943
-0.0000203	-0.12	5	4.88
-0.000020275	-0.12	5	4.943
-0.00002025	-0.12	5.015	4.88
-0.000020225	0.005	4.984	4.88
-0.0000202	-0.12	4.968	4.943
-0.000020175	-0.12	4.968	4.943
-0.00002015	-0.12	5	4.943
-0.000020125	-0.12	5	4.943
-0.0000201	0.005	5	4.943
-0.000020075	0.005	4.984	4.943
-0.00002005	-0.12	5	4.943
-0.000020025	-0.0575	5.015	4.943
-0.00002	-0.12	5	5.005
-0.000019975	-0.12	4.984	4.943
-0.00001995	-0.12	5	4.943
-0.000019925	-0.12	4.968	4.943
-0.0000199	-0.0575	5	4.943
-0.000019875	-0.12	4.968	4.943
-0.00001985	0.005	4.968	4.943
-0.000019825	0.005	4.984	4.943
-0.0000198	0.005	5	4.943
-0.000019775	0.005	5.015	4.943
-0.00001975	-0.12	5	4.943
-0.000019725	-0.12	4.968	4.943
-0.0000197	-0.0575	4.968	4.943
-0.000019675	0.005	4.984	4.943
-0.00001965	-0.0575	4.968	5.005
-0.000019625	-0.12	4.984	4.88
-0.0000196	-0.0575	4.968	4.943
-0.000019575	-0.12	5	4.943
-0.00001955	-0.0575	4.968	4.943
-0.000019525	-0.0575	5	4.943
-0.0000195	-0.0575	4.968	4.943
-0.000019475	0.005	4.984	4.943
-0.00001945	-0.12	4.984	4.943
-0.000019425	-0.0575	4.968	4.943
-0.0000194	0.005	4.968	4.943
-0.000019375	-0.12	4.984	4.943
-0.00001935	-0.0575	4.984	4.943
-0.000019325	-0.12	4.968	4.88
-0.0000193	0.005	5.015	4.943
-0.000019275	-0.0575	4.984	4.943
-0.00001925	-0.0575	5	4.943
-0.000019225	-0.12	5	4.943
-0.0000192	0.005	4.984	4.943
-0.000019175	-0.0575	5	4.943
-0.00001915	-0.0575	5.015	4.943
-0.000019125	-0.0575	4.968	4.943
-0.0000191	0.005	4.968	4.943
-0.000019075	-0.0575	4.984	4.943
-0.00001905	-0.12	5	4.88
-0.000019025	0.005	5	4.943
-0.000019	-0.12	5	4.943
-0.000018975	-0.0575	4.984	4.943
-0.00001895	-0.12	4.968	4.943
-0.000018925	-0.12	4.984	4.943
-0.0000189	-0.0575	4.984	4.88
-0.000018875	0.005	4.984	4.943
-0.00001885	0.005	4.968	4.943
-0.000018825	-0.12	4.984	5.005
-0.0000188	0.005	4.984	4.88
-0.000018775	0.005	4.968	4.943
-0.00001875	-0.12	5	4.943
-0.000018725	-0.12	4.968	4.88
-0.0000187	-0.0575	4.984	5.005
-0.000018675	0.005	4.968	4.88
-0.00001865	0.005	5	5.005
-0.000018625	0.005	4.968	4.943
-0.0000186	-0.12	4.984	4.943
-0.000018575	-0.12	5.015	4.943
-0.00001855	0.005	4.984	4.943
-0.000018525	-0.12	5	4.943
-0.0000185	-0.12	4.968	4.88
-0.000018475	-0.0575	4.984	4.943
-0.00001845	-0.12	4.968	4.943
-0.000018425	-0.12	4.984	4.88
-0.0000184	0.005	4.968	4.88
-0.000018375	0.005	4.984	4.943
-0.00001835	0.005	5	4.943
-0.000018325	0.005	4.968	4.943
-0.0000183	-0.0575	4.968	4.88
-0.000018275	-0.12	5	4.88
-0.00001825	0.005	5	4.943
-0.000018225	-0.12	5.015	5.005
-0.0000182	-0.12	4.968	4.943
-0.000018175	0.005	4.984	4.943
-0.00001815	-0.12	4.968	4.88
-0.000018125	0.005	4.968	4.943
-0.0000181	0.005	4.984	4.943
-0.000018075	-0.0575	5	5.005
-0.00001805	-0.0575	4.984	5.005
-0.000018025	-0.0575	5	4.943
-0.000018	-0.12	5	4.88
-0.000017975	-0.12	4.984	4.943
-0.00001795	-0.0575	5	4.943
-0.000017925	-0.12	4.968	4.943
-0.0000179	0.005	4.984	5.005
-0.000017875	-0.12	4.968	4.88
-0.00001785	0.005	5	5.005
-0.000017825	0.005	4.968	4.943
-0.0000178	-0.12	4.984	4.943
-0.000017775	0.005	4.968	4.943
-0.00001775	-0.12	5	4.88
-0.000017725	-0.12	5.015	4.943
-0.0000177	-0.0575	4.968	4.88
-0.000017675	-0.0575	4.984	5.005
-0.00001765	-0.12	4.968	4.943
-0.000017625	0.005	5	4.943
-0.0000176	0.005	4.984	4.943
-0.000017575	0.005	4.984	5.005
-0.00001755	-0.12	5	4.88
-0.000017525	0.005	5	5.005
-0.0000175	-0.12	5.015	4.943
-0.000017475	-0.0575	4.968	4.943
-0.00001745	0.005	4.968	4.943
-0.000017425	-0.12	4.968	5.005
-0.0000174	-0.12	5	4.88
-0.000017375	0.005	5	4.943
-0.00001735	-0.12	5	4.943
-0.000017325	-0.0575	4.968	4.943
-0.0000173	-0.12	4.968	4.943
-0.000017275	-0.12	5	4.88
-0.00001725	-0.0575	5	5.005
-0.000017225	0.005	4.968	4.943
-0.0000172	-0.0575	4.984	5.005
-0.000017175	-0.0575	5	4.943
-0.00001715	-0.0575	5	4.88
-0.000017125	-0.0575	5	4.88
-0.0000171	0.005	5	4.943
-0.000017075	0.005	5	4.943
-0.00001705	-0.0575	5	5.005
-0.000017025	-0.12	4.984	4.943
-0.000017	0.005	5	4.943
-0.000016975	0.005	5	4.943
-0.00001695	-0.0575	5	4.943
-0.000016925	0.005	4.984	4.943
-0.0000169	-0.0575	5	4.943
-0.000016875	-0.0575	5	4.943
-0.00001685	-0.0575	4.984	4.943
-0.000016825	-0.12	5	5.005
-0.0000168	-0.12	5	5.005
-0.000016775	-0.0575	5	4.943
-0.00001675	0.005	5	5.005
-0.000016725	0.005	4.968	4.943
-0.0000167	-0.12	5	4.943
-0.000016675	-0.12	4.968	4.943
-0.00001665	0.005	5.015	4.943
-0.000016625	-0.0575	4.984	4.943
-0.0000166	0.005	4.968	4.943
-0.000016575	-0.12	4.968	4.943
-0.00001655	0.005	4.984	4.943
-0.000016525	-0.12	5	4.88
-0.0000165	-0.12	4.984	4.943
-0.000016475	-0.12	4.968	4.943
-0.00001645	-0.0575	5.015	5.005
-0.000016425	-0.12	4.984	4.88
-0.0000164	0.005	4.968	4.943
-0.000016375	0.005	5	4.88
-0.00001635	-0.0575	5	4.943
-0.000016325	-0.0575	5	4.943
-0.0000163	-0.0575	4.968	4.943
-0.000016275	-0.12	4.968	4.943
-0.00001625	-0.0575	5	4.88
-0.000016225	-0.0575	4.984	4.943
-0.0000162	-0.0575	4.984	4.943
-0.000016175	0.005	4.984	4.943
-0.00001615	-0.12	4.968	5.005
-0.000016125	-0.0575	4.984	4.943
-0.0000161	-0.0575	5	4.943
-0.000016075	0.005	4.984	4.943
-0.00001605	-0.12	4.984	4.943
-0.000016025	-0.0575	5.015	4.943
-0.000016	-0.12	4.984	4.943
-0.000015975	-0.12	4.968	4.88
-0.00001595	-0.12	4.968	4.943
-0.000015925	-0.0575	4.968	4.88
-0.0000159	-0.12	4.984	4.943
-0.000015875	-0.0575	5	4.943
-0.00001585	-0.12	4.984	4.943
-0.000015825	-0.12	4.968	5.005
-0.0000158	0.005	4.968	5.005
-0.000015775	-0.12	4.984	4.943
-0.00001575	-0.12	5	4.943
-0.000015725	0.005	4.968	4.943
-0.0000157	-0.12	4.984	4.88
-0.000015675	0.005	4.968	5.005
-0.00001565	-0.12	4.968	4.88
-0.000015625	-0.0575	5	4.88
-0.0000156	-0.12	5	4.943
-0.000015575	-0.12	4.984	4.88
-0.00001555	-0.0575	5	4.943
-0.000015525	-0.12	4.968	4.88
-0.0000155	-0.0575	4.984	4.88
-0.000015475	-0.0575	4.968	4.88
-0.00001545	-0.0575	5	4.943
-0.000015425	-0.0575	4.968	4.88
-0.0000154	-0.0575	4.984	4.88
-0.000015375	-0.12	4.968	5.005
-0.00001535	-0.12	4.984	4.88
-0.000015325	0.005	5	4.88
-0.0000153	0.005	4.968	4.943
-0.000015275	-0.12	4.984	4.943
-0.00001525	0.005	5	4.943
-0.000015225	-0.12	4.984	4.88
-0.0000152	-0.0575	4.968	4.88
-0.000015175	0.005	4.968	4.943
-0.00001515	-0.0575	5.015	4.943
-0.000015125	0.005	4.984	4.943
-0.0000151	-0.12	5	4.943
-0.000015075	0.005	5	4.943
-0.00001505	0.005	5	4.943
-0.000015025	-0.12	4.984	4.88
-0.000015	-0.0575	5	4.943
-0.000014975	-0.12	4.984	5.005
-0.00001495	-0.12	5	5.005
-0.000014925	-0.12	5	4.943
-0.0000149	-0.12	4.984	4.943
-0.000014875	-0.12	5.015	4.943
-0.00001485	-0.12	4.984	4.943
-0.000014825	0.005	4.968	4.943
-0.0000148	-0.0575	5	4.88
-0.000014775	0.005	5	4.88
-0.00001475	0.005	5	5.005
-0.000014725	0.005	4.968	4.943
-0.0000147	-0.0575	4.984	4.943
-0.000014675	-0.0575	4.984	4.943
-0.00001465	-0.12	4.968	5.005
-0.000014625	-0.12	4.968	4.943
-0.0000146	0.005	4.968	4.943
-0.000014575	-0.12	4.968	4.88
-0.00001455	-0.0575	5	4.88
-0.000014525	0.005	5	4.943
-0.0000145	0.005	5	4.88
-0.000014475	-0.0575	4.968	4.88
-0.00001445	0.005	5	4.943
-0.000014425	-0.12	4.984	4.943
-0.0000144	-0.12	5	4.943
-0.000014375	-0.12	4.968	5.005
-0.00001435	0.005	4.984	4.943
-0.000014325	-0.12	5	4.943
-0.0000143	0.005	5	4.943
-0.000014275	-0.0575	4.984	4.943
-0.00001425	0.005	5.015	4.943
-0.000014225	0.005	4.984	5.005
-0.0000142	0.005	4.968	4.943
-0.000014175	-0.0575	5	4.943
-0.00001415	0.005	5	4.943
-0.000014125	-0.12	4.968	4.943
-0.0000141	-0.12	4.968	4.943
-0.000014075	-0.12	5	4.943
-0.00001405	0.005	4.968	4.943
-0.000014025	0.005	4.984	4.943
-0.000014	0.005	5	4.943
-0.000013975	0.005	5	4.943
-0.00001395	-0.12	5	4.943
-0.000013925	-0.0575	4.968	4.943
-0.0000139	0.005	4.968	4.943
-0.000013875	-0.0575	4.968	4.943
-0.00001385	0.005	4.984	4.88
-0.000013825	-0.12	4.984	4.943
-0.0000138	0.005	4.968	4.943
-0.000013775	-0.12	5	4.88
-0.00001375	0.005	4.968	4.88
-0.000013725	-0.12	4.968	4.943
-0.0000137	-0.0575	5	4.88
-0.000013675	-0.12	4.968	4.943
-0.00001365	0.005	4.984	4.943
-0.000013625	-0.0575	5	4.943
-0.0000136	-0.12	5	4.943
-0.000013575	0.005	4.984	4.88
-0.00001355	-0.12	5	4.943
-0.000013525	0.005	4.984	4.88
-0.0000135	0.005	5	4.943
-0.000013475	-0.12	4.968	4.88
-0.00001345	-0.12	4.968	4.943
-0.000013425	-0.12	5	4.943
-0.0000134	0.005	4.968	4.943
-0.000013375	0.005	4.968	4.943
-0.00001335	0.005	4.984	4.88
-0.000013325	0.005	4.968	4.943
-0.0000133	0.005	4.968	4.943
-0.000013275	-0.12	5	4.943
-0.00001325	0.005	5	4.943
-0.000013225	-0.0575	4.984	5.005
-0.0000132	-0.0575	4.984	4.943
-0.000013175	0.005	5	4.943
-0.00001315	-0.0575	4.984	4.943
-0.000013125	0.005	5	4.943
-0.0000131	0.005	5	4.943
-0.000013075	-0.12	4.984	4.943
-0.00001305	-0.12	5	4.88
-0.000013025	-0.0575	4.968	4.943
-0.000013	0.005	4.984	4.943
-0.000012975	-0.0575	4.968	4.943
-0.00001295	-0.12	5	4.943
-0.000012925	-0.12	4.968	4.943
-0.0000129	0.005	4.984	5.005
-0.000012875	0.005	5	5.005
-0.00001285	-0.12	4.984	4.943
-0.000012825	0.005	5	4.88
-0.0000128	-0.12	4.968	4.943
-0.000012775	-0.12	5.015	4.88
-0.00001275	0.005	4.968	4.943
-0.000012725	0.005	4.984	4.943
-0.0000127	-0.0575	5	4.88
-0.000012675	0.005	4.968	4.88
-0.00001265	-0.0575	4.984	4.943
-0.000012625	0.005	5.015	5.005
-0.0000126	0.005	4.968	4.943
-0.000012575	0.005	4.968	4.943
-0.00001255	-0.0575	5	4.943
-0.000012525	-0.0575	5	4.88
-0.0000125	0.005	4.968	4.943
-0.000012475	0.005	4.984	4.943
-0.00001245	-0.0575	5	5.005
-0.000012425	0.005	4.984	4.88
-0.0000124	-0.0575	4.984	5.005
-0.000012375	-0.12	5	4.88
-0.00001235	0.005	4.984	4.943
-0.000012325	0.005	4.984	5.005
-0.0000123	-0.0575	4.984	4.943
-0.000012275	-0.0575	5	4.943
-0.00001225	-0.0575	5	4.88
-0.000012225	0.005	5.015	4.943
-0.0000122	-0.0575	5	4.943
-0.000012175	0.005	5	4.943
-0.00001215	0.005	5	5.005
-0.000012125	0.005	4.984	4.88
-0.0000121	0.005	5.015	4.943
-0.000012075	0.005	5	4.943
-0.00001205	-0.0575	5	4.943
-0.000012025	-0.0575	5	4.943
-0.000012	0.0675	4.968	4.88
-0.000011975	-0.12	4.984	4.88
-0.00001195	0.005	4.968	4.943
-0.000011925	-0.0575	4.984	4.943
-0.0000119	-0.12	5	4.943
-0.000011875	-0.12	5	4.943
-0.00001185	-0.0575	4.984	4.943
-0.000011825	0.005	4.968	4.943
-0.0000118	-0.0575	5	4.943
-0.000011775	-0.0575	5.015	4.943
-0.00001175	-0.0575	4.984	4.943
-0.000011725	0.005	4.984	5.005
-0.0000117	-0.12	4.968	4.943
-0.000011675	0.005	5	4.943
-0.00001165	-0.0575	4.968	4.943
-0.000011625	-0.0575	4.968	4.88
-0.0000116	0.005	4.968	4.88
-0.000011575	0.005	4.984	4.943
-0.00001155	0.005	5	5.005
-0.000011525	0.005	5	4.943
-0.0000115	0.005	5	4.943
-0.000011475	0.005	4.984	4.943
-0.00001145	-0.0575	4.968	4.943
-0.000011425	-0.0575	4.984	4.88
-0.0000114	0.005	5	4.943
-0.000011375	0.005	5	5.005
-0.00001135	-0.0575	4.968	4.943
-0.000011325	0.005	4.984	4.943
-0.0000113	-0.0575	4.984	4.943
-0.000011275	0.005	5	4.943
-0.00001125	0.005	4.968	4.88
-0.000011225	-0.0575	5	4.943
-0.0000112	-0.0575	4.968	4.943
-0.000011175	-0.0575	4.968	4.943
-0.00001115	-0.0575	4.984	4.943
-0.000011125	-0.0575	4.984	4.943
-0.0000111	0.005	5	4.88
-0.000011075	-0.0575	4.968	4.943
-0.00001105	0.005	5	4.88
-0.000011025	-0.0575	4.984	4.943
-0.000011	-0.0575	4.984	4.88
-0.000010975	0.005	4.984	4.943
-0.00001095	0.005	4.968	4.943
-0.000010925	0.005	4.984	4.943
-0.0000109	0.005	4.968	4.943
-0.000010875	0.005	5	4.943
-0.00001085	-0.0575	4.984	4.943
-0.000010825	0.005	5	4.943
-0.0000108	-0.0575	4.968	4.88
-0.000010775	0.005	4.984	4.943
-0.00001075	0.005	4.968	4.943
-0.000010725	0.005	4.984	4.943
-0.0000107	0.005	4.968	4.88
-0.000010675	0.005	4.968	4.943
-0.00001065	-0.0575	4.968	4.943
-0.000010625	-0.0575	4.984	4.943
-0.0000106	-0.0575	5	4.943
-0.000010575	-0.0575	5	4.88
-0.00001055	0.005	5	4.943
-0.000010525	0.005	4.968	4.943
-0.0000105	-0.12	4.984	4.943
-0.000010475	0.005	5	4.943
-0.00001045	0.005	5	4.943
-0.000010425	0.005	5	4.88
-0.0000104	-0.0575	4.984	4.943
-0.000010375	-0.12	4.968	4.943
-0.00001035	0.005	5	4.943
-0.000010325	-0.0575	5	4.943
-0.0000103	-0.0575	5	4.943
-0.000010275	-0.0575	4.984	4.88
-0.00001025	-0.0575	4.968	4.943
-0.000010225	0.005	4.984	4.88
-0.0000102	-0.0575	5	4.88
-0.000010175	0.005	5	4.943
-0.00001015	0.005	4.968	4.943
-0.000010125	0.005	5	4.943
-0.0000101	-0.0575	4.968	4.943
-0.000010075	0.005	4.968	4.943
-0.00001005	0.005	5	4.88
-0.000010025	0.005	4.984	4.943
-0.00001	-0.0575	4.968	4.88
-0.000009975	-0.0575	4.968	4.943
-0.00000995	-0.0575	4.984	4.943
-0.000009925	-0.0575	4.968	4.943
-0.0000099	-0.0575	4.984	5.005
-0.000009875	-0.0575	4.984	4.943
-0.00000985	-0.0575	5.015	4.943
-0.000009825	0.005	4.984	4.943
-0.0000098	-0.12	5	4.943
-0.000009775	0.005	4.984	4.88
-0.00000975	0.005	4.984	4.943
-0.000009725	0.005	4.984	4.943
-0.0000097	-0.12	5	4.943
-0.000009675	-0.0575	5	4.943
-0.00000965	-0.0575	5.015	4.943
-0.000009625	-0.0575	4.984	4.943
-0.0000096	-0.12	5	4.943
-0.000009575	0.005	4.968	5.005
-0.00000955	0.005	4.984	4.943
-0.000009525	-0.12	5	4.943
-0.0000095	0.005	4.984	5.005
-0.000009475	0.005	5	4.943
-0.00000945	0.005	4.984	4.943
-0.000009425	-0.0575	5	4.943
-0.0000094	-0.12	4.968	4.943
-0.000009375	0.005	4.968	5.005
-0.00000935	0.005	4.968	4.943
-0.000009325	-0.0575	4.984	4.88
-0.0000093	-0.12	5	4.943
-0.000009275	-0.0575	5	4.943
-0.00000925	0.005	4.984	4.943
-0.000009225	-0.12	5	4.943
-0.0000092	0.005	4.984	4.943
-0.000009175	-0.12	4.984	4.943
-0.00000915	-0.0575	5	4.943
-0.000009125	0.005	4.984	4.943
-0.0000091	0.005	5	4.943
-0.000009075	0.005	4.968	4.943
-0.00000905	-0.0575	4.968	4.943
-0.000009025	-0.12	4.968	4.943
-0.000009	0.005	4.968	4.943
-0.000008975	-0.0575	5	4.943
-0.00000895	0.005	4.984	4.943
-0.000008925	-0.0575	5	4.943
-0.0000089	0.005	4.984	4.943
-0.000008875	-0.0575	4.968	4.88
-0.00000885	-0.0575	4.968	5.005
-0.000008825	0.005	4.984	4.943
-0.0000088	-0.0575	5	4.943
-0.000008775	-0.0575	4.968	4.943
-0.00000875	-0.0575	5.015	4.943
-0.000008725	-0.0575	5	4.943
-0.0000087	-0.12	4.968	4.943
-0.000008675	-0.0575	5	4.943
-0.00000865	0.005	4.968	4.88
-0.000008625	-0.0575	5	4.943
-0.0000086	0.005	4.984	4.943
-0.000008575	0.005	5	4.943
-0.00000855	0.005	5	4.943
-0.000008525	0.005	4.968	4.943
-0.0000085	0.005	4.984	4.88
-0.000008475	0.005	4.984	4.943
-0.00000845	0.005	4.968	4.943
-0.000008425	0.005	4.984	4.88
-0.0000084	0.005	5.015	4.943
-0.000008375	-0.0575	5	4.943
-0.00000835	-0.0575	4.968	4.943
-0.000008325	-0.0575	4.984	4.943
-0.0000083	0.005	5	4.943
-0.000008275	0.005	4.968	4.943
-0.00000825	0.005	4.968	4.943
-0.000008225	0.005	4.984	4.943
-0.0000082	0.005	4.984	4.943
-0.000008175	-0.12	4.968	4.943
-0.00000815	0.005	4.984	4.943
-0.000008125	-0.0575	4.968	4.943
-0.0000081	-0.0575	4.968	5.005
-0.000008075	-0.12	4.968	5.005
-0.00000805	0.005	4.984	4.88
-0.000008025	0.005	5	4.943
-0.000008	-0.0575	4.984	4.943
-0.000007975	0.005	4.968	4.943
-0.00000795	-0.0575	4.968	4.88
-0.000007925	0.005	5	4.943
-0.0000079	-0.12	5	4.943
-0.000007875	-0.0575	5	4.943
-0.00000785	-0.0575	5	4.943
-0.000007825	0.005	5	4.943
-0.0000078	0.005	4.984	4.943
-0.000007775	-0.0575	4.984	4.943
-0.00000775	0.005	5	4.943
-0.000007725	0.005	4.984	4.943
-0.0000077	-0.0575	5	4.88
-0.000007675	0.005	4.984	5.005
-0.00000765	-0.0575	4.984	4.943
-0.000007625	-0.0575	4.984	4.943
-0.0000076	0.005	5	5.005
-0.000007575	-0.0575	4.968	4.943
-0.00000755	0.005	5	4.88
-0.000007525	0.005	5	4.943
-0.0000075	-0.0575	4.984	4.943
-0.000007475	-0.0575	4.968	4.943
-0.00000745	0.005	5	4.943
-0.000007425	0.005	5.015	4.88
-0.0000074	0.005	4.984	4.943
-0.000007375	0.005	5	4.943
-0.00000735	0.005	4.984	4.943
-0.000007325	-0.0575	4.968	4.943
-0.0000073	-0.0575	5	4.943
-0.000007275	-0.0575	5	4.943
-0.00000725	0.005	4.968	4.943
-0.000007225	0.0675	4.968	4.943
-0.0000072	-0.0575	4.984	4.943
-0.000007175	0.005	5	4.943
-0.00000715	-0.0575	4.984	4.943
-0.000007125	0.005	4.984	5.005
-0.0000071	-0.0575	4.968	4.943
-0.000007075	0.005	4.984	4.943
-0.00000705	0.005	4.968	4.88
-0.000007025	0.005	4.984	4.943
-0.000007	0.005	4.984	4.88
-0.000006975	0.005	5	5.005
-0.00000695	0.005	4.984	5.005
-0.000006925	0.005	4.968	4.943
-0.0000069	-0.0575	4.968	4.88
-0.000006875	-0.0575	4.968	4.943
-0.00000685	0.005	4.968	4.943
-0.000006825	0.005	4.984	4.943
-0.0000068	0.005	5.015	5.005
-0.000006775	0.005	4.968	4.943
-0.00000675	-0.12	4.968	4.943
-0.000006725	0.005	5	4.943
-0.0000067	-0.0575	4.968	5.005
-0.000006675	0.005	4.984	4.943
-0.00000665	0.005	4.968	4.943
-0.000006625	-0.0575	4.968	4.943
-0.0000066	-0.0575	4.968	4.943
-0.000006575	0.005	4.968	4.943
-0.00000655	-0.0575	5.015	4.943
-0.000006525	0.005	5	4.943
-0.0000065	-0.0575	5	4.943
-0.000006475	-0.0575	4.984	4.943
-0.00000645	0.005	4.968	5.005
-0.000006425	-0.0575	4.984	4.943
-0.0000064	-0.0575	4.984	4.88
-0.000006375	0.005	5	4.943
-0.00000635	-0.0575	4.968	4.88
-0.000006325	0.005	4.968	4.943
-0.0000063	0.005	5	4.943
-0.000006275	-0.0575	4.968	4.943
-0.00000625	0.005	4.984	4.88
-0.000006225	0.005	5	4.88
-0.0000062	-0.0575	4.968	4.943
-0.000006175	-0.12	4.984	4.88
-0.00000615	-0.0575	5	4.943
-0.000006125	0.005	4.984	4.943
-0.0000061	0.005	4.984	4.88
-0.000006075	0.005	5	4.943
-0.00000605	0.005	4.984	4.943
-0.000006025	0.005	5	4.88
-0.000006	-0.0575	5	5.005
-0.000005975	-0.0575	5	5.005
-0.00000595	-0.0575	4.984	4.943
-0.000005925	-0.0575	4.968	4.943
-0.0000059	0.005	4.984	4.943
-0.000005875	0.005	4.968	5.005
-0.00000585	0.005	4.984	5.005
-0.000005825	-0.0575	5	5.005
-0.0000058	-0.0575	4.968	4.943
-0.000005775	0.005	5.015	4.88
-0.00000575	0.005	4.968	4.943
-0.000005725	-0.0575	4.968	4.943
-0.0000057	-0.0575	5	4.943
-0.000005675	-0.0575	5	4.943
-0.00000565	-0.0575	5	4.943
-0.000005625	-0.0575	4.968	4.88
-0.0000056	0.005	4.968	4.943
-0.000005575	0.005	5	4.943
-0.00000555	0.005	4.984	4.943
-0.000005525	-0.0575	4.968	4.943
-0.0000055	-0.0575	5	4.943
-0.000005475	0.005	4.968	4.943
-0.00000545	-0.0575	4.968	4.943
-0.000005425	0.005	4.968	5.005
-0.0000054	-0.12	5	5.005
-0.000005375	-0.0575	4.984	4.943
-0.00000535	0.005	4.984	4.943
-0.000005325	0.005	4.968	4.943
-0.0000053	-0.0575	5	5.005
-0.000005275	-0.0575	4.984	4.943
-0.00000525	0.0675	5	4.943
-0.000005225	-0.0575	5.015	5.005
-0.0000052	-0.0575	4.984	5.005
-0.000005175	0.005	5	5.068
-0.00000515	-0.0575	4.984	5.005
-0.000005125	0.005	4.968	4.943
-0.0000051	-0.0575	4.968	5.005
-0.000005075	-0.0575	4.968	5.068
-0.00000505	0.005	5.015	5.068
-0.000005025	0.005	5	5.005
-0.000005	-0.12	4.968	5.068
-0.000004975	0.005	5	5.068
-0.00000495	0.005	4.984	5.005
-0.000004925	0.005	5	5.068
-0.0000049	0.005	5	5.068
-0.000004875	-0.12	4.984	5.193
-0.00000485	0.005	4.984	5.068
-0.000004825	-0.0575	4.968	5.068
-0.0000048	0.005	4.968	5.068
-0.000004775	-0.0575	5	5.068
-0.00000475	0.005	4.984	5.068
-0.000004725	0.005	4.968	5.068
-0.0000047	0.005	4.984	5.13
-0.000004675	0.005	4.984	5.13
-0.00000465	0.005	4.968	5.13
-0.000004625	-0.12	4.968	5.13
-0.0000046	0.005	4.984	5.255
-0.000004575	0.005	5	5.13
-0.00000455	0.005	5	5.193
-0.000004525	-0.0575	4.968	5.193
-0.0000045	0.005	4.984	5.193
-0.000004475	-0.0575	4.968	5.13
-0.00000445	-0.0575	5	5.255
-0.000004425	0.005	4.968	5.13
-0.0000044	0.005	4.968	5.193
-0.000004375	0.005	4.968	5.193
-0.00000435	0.005	4.984	5.193
-0.000004325	0.005	5	5.193
-0.0000043	0.005	4.968	5.193
-0.000004275	-0.0575	4.984	5.255
-0.00000425	0.005	5	5.255
-0.000004225	-0.0575	4.968	5.255
-0.0000042	0.005	4.968	5.255
-0.000004175	0.005	5	5.255
-0.00000415	0.005	5	5.38
-0.000004125	-0.0575	4.984	5.318
-0.0000041	-0.0575	5	5.255
-0.000004075	0.005	4.984	5.38
-0.00000405	0.005	4.984	5.38
-0.000004025	-0.0575	4.968	5.318
-0.000004	-0.0575	5	5.318
-0.000003975	-0.0575	5	5.318
-0.00000395	0.005	5	5.318
-0.000003925	0.005	4.968	5.318
-0.0000039	-0.0575	4.984	5.318
-0.000003875	-0.0575	4.984	5.443
-0.00000385	-0.12	4.984	5.443
-0.000003825	0.005	4.984	5.38
-0.0000038	-0.12	5	5.443
-0.000003775	0.005	4.984	5.38
-0.00000375	0.005	5	5.443
-0.000003725	-0.0575	4.968	5.443
-0.0000037	0.005	5	5.443
-0.000003675	-0.0575	5	5.443
-0.00000365	-0.0575	4.968	5.443
-0.000003625	0.005	4.984	5.38
-0.0000036	-0.0575	4.984	5.443
-0.000003575	0.005	5.015	5.443
-0.00000355	-0.12	5	5.443
-0.000003525	-0.0575	4.968	5.443
-0.0000035	0.005	4.968	5.443
-0.000003475	0.005	4.968	5.443
-0.00000345	0.005	4.984	5.38
-0.000003425	-0.0575	5	5.443
-0.0000034	-0.0575	4.984	5.443
-0.000003375	-0.0575	4.984	5.443
-0.00000335	0.005	4.984	5.443
-0.000003325	-0.0575	4.968	5.318
-0.0000033	0.0675	4.968	5.443
-0.000003275	-0.0575	5	5.38
-0.00000325	-0.0575	4.968	5.443
-0.000003225	-0.0575	4.968	5.443
-0.0000032	0.005	4.968	5.443
-0.000003175	0.005	5	5.38
-0.00000315	0.005	4.984	5.38
-0.000003125	-0.0575	4.968	5.443
-0.0000031	-0.0575	4.968	5.38
-0.000003075	0.005	4.968	5.38
-0.00000305	-0.12	4.968	5.318
-0.000003025	-0.0575	4.968	5.38
-0.000003	0.005	4.968	5.38
-0.000002975	0.005	5	5.443
-0.00000295	0.005	4.984	5.38
-0.000002925	0.005	5	5.38
-0.0000029	0.005	4.968	5.38
-0.000002875	0.0675	5	5.38
-0.00000285	-0.0575	5	5.38
-0.000002825	0.005	4.968	5.318
-0.0000028	0.005	4.984	5.255
-0.000002775	-0.0575	4.968	5.255
-0.00000275	0.005	5	5.255
-0.000002725	-0.0575	4.984	5.193
-0.0000027	0.005	4.968	5.193
-0.000002675	0.005	5	5.255
-0.00000265	0.005	5	5.193
-0.000002625	-0.0575	4.984	5.255
-0.0000026	0.005	5	5.13
-0.000002575	0.0675	4.968	5.193
-0.00000255	0.005	5.015	5.13
-0.000002525	-0.0575	5	5.13
-0.0000025	-0.0575	5	5.13
-0.000002475	0.005	5	5.068
-0.00000245	0.005	4.968	5.13
-0.000002425	-0.12	4.968	5.005
-0.0000024	-0.0575	5.015	5.068
-0.000002375	-0.0575	4.968	5.193
-0.00000235	-0.0575	4.984	5.068
-0.000002325	-0.0575	4.968	5.068
-0.0000023	-0.12	5	5.005
-0.000002275	0.005	4.984	4.943
-0.00000225	0.005	4.968	4.943
-0.000002225	-0.0575	4.968	4.943
-0.0000022	0.005	4.984	4.943
-0.000002175	-0.0575	4.968	5.005
-0.00000215	0.005	5.015	4.943
-0.000002125	0.005	4.968	4.88
-0.0000021	-0.0575	4.984	4.818
-0.000002075	0.005	4.968	4.818
-0.00000205	-0.0575	4.968	4.755
-0.000002025	-0.0575	4.984	4.818
-0.000002	-0.0575	4.984	4.755
-0.000001975	0.005	5	4.693
-0.00000195	-0.0575	5	4.693
-0.000001925	-0.0575	4.968	4.693
-0.0000019	0.005	4.984	4.755
-0.000001875	-0.0575	5.015	4.693
-0.00000185	-0.0575	4.968	4.63
-0.000001825	0.005	4.968	4.63
-0.0000018	0.0675	5	4.568
-0.000001775	0.005	5	4.505
-0.00000175	-0.0575	4.968	4.505
-0.000001725	0.005	5	4.63
-0.0000017	0.0675	4.984	4.505
-0.000001675	-0.0575	5.015	4.568
-0.00000165	-0.0575	4.968	4.443
-0.000001625	0.005	4.968	4.443
-0.0000016	-0.12	4.968	4.443
-0.000001575	-0.0575	4.968	4.38
-0.00000155	0.005	4.968	4.318
-0.000001525	-0.0575	4.984	4.38
-0.0000015	0.005	5	4.38
-0.000001475	0.005	4.968	4.38
-0.00000145	0.005	4.968	4.318
-0.000001425	0.005	5.015	4.38
-0.0000014	-0.0575	5	4.38
-0.000001375	0.005	4.968	4.255
-0.00000135	0.005	4.984	4.193
-0.000001325	0.005	5	4.255
-0.0000013	0.005	5.015	4.193
-0.000001275	0.005	4.968	4.13
-0.00000125	-0.0575	4.968	4.193
-0.000001225	-0.0575	4.984	4.193
-0.0000012	-0.0575	4.984	4.13
-0.000001175	0.005	4.968	4.068
-0.00000115	-0.0575	4.968	4.068
-0.000001125	0.005	4.984	4.068
-0.0000011	-0.0575	4.968	4.005
-0.000001075	-0.0575	5	4.005
-0.00000105	-0.0575	4.968	3.943
-0.000001025	0.005	4.968	3.943
-0.000001	0.005	4.968	3.943
-0.000000975	-0.0575	5	3.943
-0.00000095	-0.0575	5	3.943
-0.000000925	-0.0575	4.968	3.88
-0.0000009	0.005	5	3.88
-0.000000875	-0.0575	5	3.818
-0.00000085	0.005	4.984	3.818
-0.000000825	-0.0575	5	3.818
-0.0000008	0.0675	4.968	3.818
-0.000000775	0.005	4.968	3.693
-0.00000075	-0.0575	4.984	3.755
-0.000000725	0.005	4.984	3.63
-0.0000007	0.005	4.984	3.693
-0.000000675	-0.0575	5	3.693
-0.00000065	-0.0575	4.984	3.693
-0.000000625	-0.0575	4.968	3.755
-0.0000006	0.005	4.984	3.63
-0.000000575	0.005	4.968	3.568
-0.00000055	-0.0575	4.968	3.568
-0.000000525	0.005	4.984	3.505
-0.0000005	0.005	5	3.568
-0.000000475	-0.0575	4.968	3.568
-0.00000045	0.005	4.984	3.568
-0.000000425	0.005	5	3.505
-0.0000004	0.005	4.984	3.505
-0.000000375	0.0675	5	3.443
-0.00000035	0.005	4.968	3.443
-0.000000325	0.005	4.968	3.443
-0.0000003	0.005	4.984	3.38
-0.000000275	0.005	4.984	3.443
-0.00000025	-0.12	4.968	3.318
-0.000000225	0.005	5	3.443
-0.0000002	0.005	4.968	3.38
-0.000000175	0.005	5.015	3.443
-0.00000015	6.005	5	3.38
-0.000000125	4.818	5	3.38
-0.0000001	5.38	5	3.318
-0.000000075	4.818	5	3.38
-0.00000005	5.068	4.906	3.318
-0.000000025	5.193	4.672	3.255
-2.3293406E-021	5.13	5.234	3.318
0.000000025	5.13	4.968	3.318
0.00000005	5.193	4.765	3.193
0.000000075	5.13	5.062	3.193
0.0000001	5.005	4.922	3.193
0.000000125	5.005	4.922	3.13
0.00000015	5.068	4.984	3.13
0.000000175	5.193	5.047	3.193
0.0000002	5.005	4.937	3.193
0.000000225	5.13	5.031	3.13
0.00000025	5.13	4.984	3.13
0.000000275	5.193	4.984	3.068
0.0000003	5.068	5	3.068
0.000000325	5.005	5	3.068
0.00000035	5.068	4.968	3.005
0.000000375	5.005	5	3.005
0.0000004	5.068	5	3.005
0.000000425	5.068	4.968	3.005
0.00000045	5.005	5	3.005
0.000000475	5.13	4.984	2.943
0.0000005	5.005	4.968	3.005
0.000000525	5.005	5	2.943
0.00000055	5.193	5.015	2.943
0.000000575	5.005	5	3.005
0.0000006	5.068	5	2.943
0.000000625	5.13	4.984	2.943
0.00000065	5.13	4.968	2.88
0.000000675	5.068	4.968	2.88
0.0000007	5.13	5	2.88
0.000000725	5.13	4.968	2.818
0.00000075	5.13	4.968	2.818
0.000000775	5.005	4.968	2.755
0.0000008	5.005	5	2.818
0.000000825	5.13	4.984	2.755
0.00000085	5.068	5	2.755
0.000000875	5.005	4.984	2.755
0.0000009	5.13	4.968	2.693
0.000000925	5.13	5	2.693
0.00000095	5.13	4.984	2.693
0.000000975	5.193	4.968	2.755
0.000001	5.005	4.968	2.755
0.000001025	5.068	5	2.63
0.00000105	5.13	5	2.63
0.000001075	5.068	4.968	2.63
0.0000011	5.13	4.968	2.63
0.000001125	5.13	4.968	2.568
0.00000115	5.193	4.984	2.568
0.000001175	5.13	5	2.568
0.0000012	5.13	4.984	2.568
0.000001225	5.068	5	2.63
0.00000125	5.068	5	2.505
0.000001275	5.13	4.984	2.505
0.0000013	5.005	4.984	2.568
0.000001325	5.068	4.968	2.505
0.00000135	5.13	4.984	2.505
0.000001375	5.005	5	2.568
0.0000014	5.13	4.984	2.505
0.000001425	5.13	4.968	2.443
0.00000145	5.193	5	2.443
0.000001475	5.13	5.015	2.443
0.0000015	5.13	4.968	2.505
0.000001525	5.068	5	2.443
0.00000155	5.068	4.984	2.443
0.000001575	5.13	4.968	2.38
0.0000016	5.068	4.984	2.318
0.000001625	5.13	4.968	2.38
0.00000165	5.13	5	2.38
0.000001675	5.005	5.015	2.38
0.0000017	5.13	4.968	2.255
0.000001725	5.005	5	2.255
0.00000175	5.068	4.968	2.255
0.000001775	5.193	4.984	2.193
0.0000018	5.13	5	2.318
0.000001825	5.068	5.015	2.255
0.00000185	5.068	5	2.255
0.000001875	5.068	4.968	2.193
0.0000019	5.13	5	2.193
0.000001925	5.005	5	2.193
0.00000195	5.13	4.968	2.193
0.000001975	5.13	5	2.193
0.000002	5.005	4.984	2.13
0.000002025	5.13	4.968	2.193
0.00000205	5.005	4.968	2.068
0.000002075	5.13	4.984	2.068
0.0000021	5.068	4.968	2.068
0.000002125	5.13	4.968	2.005
0.00000215	5.068	5	2.068
0.000002175	5.068	5	2.068
0.0000022	5.068	4.984	2.068
0.000002225	5.13	4.984	1.943
0.00000225	5.13	5	1.943
0.000002275	5.193	4.968	1.943
0.0000023	5.13	4.984	2.005
0.000002325	5.13	5.015	1.943
0.00000235	5.13	4.968	1.818
0.000002375	5.13	5	1.943
0.0000024	5.13	4.984	1.88
0.000002425	5.13	4.968	1.818
0.00000245	5.13	5	1.818
0.000002475	5.13	4.984	1.88
0.0000025	5.13	4.984	1.818
0.000002525	5.13	5	1.755
0.00000255	5.13	4.968	1.88
0.000002575	5.005	4.968	1.755
0.0000026	5.13	4.984	1.693
0.000002625	5.13	4.968	1.755
0.00000265	5.13	4.968	1.755
0.000002675	5.13	4.984	1.693
0.0000027	5.13	4.968	1.63
0.000002725	5.068	4.984	1.63
0.00000275	5.068	4.984	1.63
0.000002775	5.068	5	1.693
0.0000028	5.13	4.968	1.63
0.000002825	5.13	5	1.63
0.00000285	5.13	5	1.505
0.000002875	5.13	4.968	1.505
0.0000029	5.068	4.984	1.505
0.000002925	5.068	5	1.568
0.00000295	5.13	5	1.505
0.000002975	5.068	5	1.568
0.000003	5.005	5	1.505
0.000003025	5.005	4.968	1.505
0.00000305	5.13	4.984	1.443
0.000003075	5.193	4.968	1.443
0.0000031	5.13	4.968	1.443
0.000003125	5.13	4.984	1.38
0.00000315	5.005	4.984	1.38
0.000003175	5.13	4.968	1.38
0.0000032	5.005	4.968	1.38
0.000003225	5.13	5	1.38
0.00000325	5.13	4.968	1.318
0.000003275	5.13	4.984	1.318
0.0000033	5.068	4.968	1.255
0.000003325	5.068	4.984	1.318
0.00000335	5.005	4.984	1.255
0.000003375	5.13	4.984	1.255
0.0000034	5.005	5.015	1.255
0.000003425	5.068	4.984	1.255
0.00000345	5.13	5	1.255
0.000003475	5.068	4.984	1.193
0.0000035	5.005	5	1.255
0.000003525	5.005	4.984	1.193
0.00000355	5.13	4.968	1.193
0.000003575	5.068	4.968	1.193
0.0000036	5.13	5	1.193
0.000003625	5.005	4.984	1.13
0.00000365	5.005	4.984	1.13
0.000003675	5.13	4.968	1.005
0.0000037	5.005	4.984	1.13
0.000003725	5.005	4.968	1.005
0.00000375	5.068	5	1.068
0.000003775	5.068	4.984	1.005
0.0000038	5.193	4.968	1.005
0.000003825	5.13	5	1.005
0.00000385	5.068	4.968	1.005
0.000003875	5.13	4.968	1.005
0.0000039	5.13	5	0.88
0.000003925	5.005	4.984	1.005
0.00000395	5.068	5	1.005
0.000003975	5.13	5	0.88
0.000004	5.13	4.968	0.9425
0.000004025	5.193	5.015	0.88
0.00000405	5.005	4.968	0.9425
0.000004075	5.005	4.968	0.9425
0.0000041	5.068	5	0.88
0.000004125	5.13	4.984	0.88
0.00000415	5.13	4.984	0.8175
0.000004175	5.13	4.984	0.8175
0.0000042	5.193	5	0.8175
0.000004225	5.068	5	0.88
0.00000425	5.068	5.015	0.8175
0.000004275	5.005	5	0.755
0.0000043	5.068	4.968	0.8175
0.000004325	5.193	5	0.8175
0.00000435	5.068	4.984	0.8175
0.000004375	5.068	5	0.755
0.0000044	5.005	4.984	0.755
0.000004425	5.005	4.984	0.755
0.00000445	5.068	4.984	0.755
0.000004475	5.13	5	0.755
0.0000045	5.13	4.984	0.755
0.000004525	5.005	4.984	0.63
0.00000455	5.068	4.968	0.6925
0.000004575	5.068	4.968	0.6925
0.0000046	5.068	4.984	0.6925
0.000004625	5.005	5	0.6925
0.00000465	5.068	4.968	0.6925
0.000004675	5.005	5.015	0.6925
0.0000047	5.13	5	0.63
0.000004725	5.005	4.968	0.63
0.00000475	5.005	4.984	0.63
0.000004775	5.005	5	0.5675
0.0000048	5.005	4.984	0.63
0.000004825	5.005	5	0.63
0.00000485	5.13	4.984	0.63
0.000004875	5.13	4.968	0.63
0.0000049	5.068	4.968	0.63
0.000004925	5.005	5	0.63
0.00000495	5.13	4.984	0.5675
0.000004975	5.068	4.984	0.5675
0.000005	5.068	4.968	0.63
0.000005025	5.005	4.968	0.5675
0.00000505	5.068	4.984	0.5675
0.000005075	5.005	4.968	0.5675
0.0000051	5.193	4.984	0.5675
0.000005125	5.068	4.968	0.5675
0.00000515	5.005	5	0.5675
0.000005175	5.068	4.984	0.5675
0.0000052	5.005	4.968	0.63
0.000005225	5.068	5	0.5675
0.00000525	5.068	4.968	0.505
0.000005275	5.13	5.015	0.505
0.0000053	5.13	5	0.505
0.000005325	5.068	4.984	0.505
0.00000535	5.005	4.984	0.505
0.000005375	5.005	5	0.505
0.0000054	5.13	5	0.505
0.000005425	5.005	4.984	0.505
0.00000545	5.193	4.968	0.505
0.000005475	5.005	5	0.4425
0.0000055	5.005	4.968	0.505
0.000005525	5.068	4.984	0.505
0.00000555	5.13	4.984	0.505
0.000005575	5.068	5	0.4425
0.0000056	5.005	5.015	0.505
0.000005625	5.13	4.984	0.38
0.00000565	5.005	4.984	0.505
0.000005675	5.068	4.984	0.38
0.0000057	5.068	4.968	0.4425
0.000005725	5.068	4.968	0.38
0.00000575	5.005	4.984	0.505
0.000005775	5.068	5	0.38
0.0000058	5.005	4.984	0.4425
0.000005825	5.068	4.984	0.4425
0.00000585	5.005	5	0.38
0.000005875	5.068	4.984	0.38
0.0000059	5.005	4.968	0.4425
0.000005925	5.068	4.968	0.38
0.00000595	5.13	5.015	0.38
0.000005975	5.193	4.984	0.38
0.000006	5.005	4.984	0.38
0.000006025	5.005	4.968	0.38
0.00000605	5.005	4.984	0.38
0.000006075	5.005	4.968	0.4425
0.0000061	5.068	4.984	0.4425
0.000006125	5.13	5	0.4425
0.00000615	5.068	4.968	0.38
0.000006175	5.005	4.984	0.38
0.0000062	5.005	4.984	0.38
0.000006225	5.068	5	0.38
0.00000625	5.13	5	0.3175
0.000006275	5.005	4.968	0.38
0.0000063	5.068	4.984	0.3175
0.000006325	5.005	5.015	0.3175
0.00000635	5.13	4.968	0.3175
0.000006375	5.005	4.968	0.3175
0.0000064	5.005	4.968	0.38
0.000006425	5.068	4.968	0.38
0.00000645	5.13	5	0.3175
0.000006475	5.13	4.984	0.38
0.0000065	5.068	5	0.3175
0.000006525	5.13	4.968	0.38
0.00000655	5.005	4.968	0.38
0.000006575	5.005	4.984	0.38
0.0000066	5.068	5	0.3175
0.000006625	5.068	4.984	0.3175
0.00000665	5.005	5	0.38
0.000006675	5.068	5	0.3175
0.0000067	5.13	4.984	0.38
0.000006725	5.068	4.984	0.38
0.00000675	5.068	4.968	0.38
0.000006775	5.005	5	0.3175
0.0000068	5.005	4.984	0.3175
0.000006825	5.13	5	0.3175
0.00000685	5.13	5	0.3175
0.000006875	5.005	4.968	0.38
0.0000069	5.068	4.984	0.3175
0.000006925	5.005	4.968	0.3175
0.00000695	5.068	4.968	0.3175
0.000006975	5.068	5.015	0.3175
0.000007	5.13	5	0.3175
0.000007025	5.005	4.968	0.3175
0.00000705	5.13	4.968	0.3175
0.000007075	5.13	5	0.3175
0.0000071	5.068	5	0.3175
0.000007125	5.068	4.968	0.3175
0.00000715	5.005	4.968	0.3175
0.000007175	5.13	4.984	0.3175
0.0000072	5.005	5	0.3175
0.000007225	5.068	5.015	0.3175
0.00000725	5.068	4.968	0.3175
0.000007275	5.005	4.984	0.3175
0.0000073	5.068	4.984	0.3175
0.000007325	5.005	5	0.3175
0.00000735	5.005	4.968	0.3175
0.000007375	5.068	4.968	0.3175
0.0000074	5.005	4.968	0.3175
0.000007425	5.13	5.015	0.3175
0.00000745	5.005	5	0.3175
0.000007475	5.005	5	0.3175
0.0000075	5.005	5	0.3175
0.000007525	5.13	4.968	0.3175
0.00000755	5.005	5	0.3175
0.000007575	5.068	4.984	0.3175
0.0000076	5.005	4.984	0.3175
0.000007625	5.005	4.968	0.3175
0.00000765	5.005	4.984	0.3175
0.000007675	5.068	5	0.255
0.0000077	5.13	5	0.3175
0.000007725	5.193	5	0.3175
0.00000775	5.13	4.968	0.3175
0.000007775	5.005	4.984	0.255
0.0000078	5.068	4.968	0.3175
0.000007825	5.005	5	0.38
0.00000785	5.068	4.984	0.3175
0.000007875	5.068	5	0.3175
0.0000079	5.13	4.984	0.3175
0.000007925	5.13	4.984	0.3175
0.00000795	5.13	4.984	0.3175
0.000007975	5.068	5.015	0.3175
0.000008	5.068	5	0.38
0.000008025	5.005	5	0.38
0.00000805	5.005	4.968	0.38
0.000008075	5.005	5	0.3175
0.0000081	5.005	4.968	0.38
0.000008125	5.005	4.984	0.38
0.00000815	5.068	4.984	0.255
0.000008175	5.005	4.968	0.3175
0.0000082	5.005	5.015	0.3175
0.000008225	5.13	5	0.3175
0.00000825	5.005	4.968	0.3175
0.000008275	5.068	5	0.3175
0.0000083	5.005	5	0.255
0.000008325	5.005	4.968	0.38
0.00000835	5.13	4.968	0.3175
0.000008375	5.005	4.984	0.3175
0.0000084	5.005	5	0.3175
0.000008425	5.005	5	0.255
0.00000845	5.068	4.968	0.3175
0.000008475	5.068	5	0.3175
0.0000085	5.068	4.984	0.255
0.000008525	5.005	4.968	0.255
0.00000855	5.068	4.968	0.255
0.000008575	5.068	4.968	0.255
0.0000086	5.068	4.968	0.3175
0.000008625	5.005	5	0.38
0.00000865	5.068	5	0.3175
0.000008675	5.005	4.968	0.255
0.0000087	5.068	4.968	0.1925
0.000008725	5.005	4.984	0.255
0.00000875	5.005	4.984	0.1925
0.000008775	5.005	4.984	0.1925
0.0000088	5.068	4.968	0.255
0.000008825	5.13	4.984	0.255
0.00000885	5.068	4.968	0.255
0.000008875	5.005	4.984	0.255
0.0000089	5.068	4.968	0.3175
0.000008925	5.13	4.968	0.3175
0.00000895	5.13	4.984	0.255
0.000008975	5.068	5	0.255
0.000009	5.193	5	0.255
0.000009025	5.13	4.968	0.255
0.00000905	5.005	4.984	0.255
0.000009075	5.068	4.968	0.255
0.0000091	5.068	5	0.1925
0.000009125	5.13	4.984	0.255
0.00000915	5.068	4.968	0.255
0.000009175	5.13	4.968	0.13
0.0000092	5.005	4.968	0.1925
0.000009225	5.068	4.984	0.1925
0.00000925	5.005	4.984	0.1925
0.000009275	5.068	5	0.255
0.0000093	5.068	4.984	0.255
0.000009325	5.068	5	0.255
0.00000935	5.13	5	0.1925
0.000009375	5.068	4.968	0.255
0.0000094	5.068	4.984	0.255
0.000009425	5.068	5	0.255
0.00000945	5.068	4.968	0.1925
0.000009475	5.068	5.015	0.13
0.0000095	5.13	4.984	0.1925
0.000009525	5.068	5	0.1925
0.00000955	5.005	4.968	0.255
0.000009575	5.005	4.968	0.13
0.0000096	5.13	5	0.1925
0.000009625	5.13	5	0.1925
0.00000965	5.13	4.984	0.13
0.000009675	5.13	5	0.1925
0.0000097	5.13	5	0.1925
0.000009725	5.005	4.984	0.1925
0.00000975	5.005	4.968	0.13
0.000009775	5.005	4.984	0.0675
0.0000098	5.193	4.968	0.13
0.000009825	5.068	5	0.1925
0.00000985	5.005	4.968	0.1925
0.000009875	5.068	4.984	0.1925
0.0000099	5.005	5	0.13
0.000009925	5.005	5	0.1925
0.00000995	5.005	5	0.13
0.000009975	5.005	5	0.255
0.00001	5.068	4.968	0.0675
0.000010025	5.068	4.968	0.1925
0.00001005	5.005	4.968	0.1925
0.000010075	5.005	4.968	0.0675
0.0000101	5.005	5	0.0675
0.000010125	5.005	5	0.0675
0.00001015	5.068	5	0.13
0.000010175	5.13	5	0.0675
0.0000102	5.068	5	0.0675
0.000010225	5.068	4.984	0.0675
0.00001025	5.068	4.968	0.0675
0.000010275	5.005	4.984	0.1925
0.0000103	5.005	4.968	0.13
0.000010325	5.005	4.968	0.13
0.00001035	5.005	4.968	0.13
0.000010375	5.193	5	0.0675
0.0000104	5.005	4.984	0.0675
0.000010425	5.13	4.984	0.13
0.00001045	5.068	5	0.005
0.000010475	5.13	5	0.0675
0.0000105	5.005	4.984	0.0675
0.000010525	5.193	4.984	0.0675
0.00001055	5.005	4.968	0.005
0.000010575	5.068	4.984	0.0675
0.0000106	5.068	5	0.0675
0.000010625	5.068	4.968	0.005
0.00001065	5.13	5	0.0675
0.000010675	5.068	4.968	0.005
0.0000107	5.068	4.968	0.0675
0.000010725	5.068	5	0.0675
0.00001075	5.068	5	0.0675
0.000010775	5.068	5	0.0675
0.0000108	5.005	4.984	0.0675
0.000010825	5.005	4.984	0.005
0.00001085	5.13	5	-0.0575
0.000010875	5.005	5	0.005
0.0000109	5.068	5	0.005
0.000010925	5.068	4.984	0.005
0.00001095	5.068	5	0.005
0.000010975	5.005	4.968	0.005
0.000011	5.13	4.984	-0.0575
0.000011025	5.005	4.984	0.0675
0.00001105	5.068	4.984	0.0675
0.000011075	5.068	5	0.0675
0.0000111	5.068	4.984	0.005
0.000011125	5.068	4.968	0.0675
0.00001115	5.13	5	-0.0575
0.000011175	5.005	5	-0.0575
0.0000112	5.005	4.968	0.005
0.000011225	5.005	5	0.005
0.00001125	5.005	4.984	0.0675
0.000011275	5.193	5	-0.0575
0.0000113	5.005	4.968	0.005
0.000011325	5.13	5	-0.0575
0.00001135	5.005	4.968	-0.0575
0.000011375	5.068	5	0.005
0.0000114	5.068	4.984	-0.0575
0.000011425	5.13	5.015	-0.12
0.00001145	5.005	5	-0.0575
0.000011475	5.005	4.984	-0.0575
0.0000115	5.005	5	-0.0575
0.000011525	5.068	4.984	-0.0575
0.00001155	5.005	5	0.0675
0.000011575	5.005	5	-0.0575
0.0000116	5.005	4.968	0.005
0.000011625	5.068	4.984	0.005
0.00001165	5.068	5	0.005
0.000011675	5.068	4.968	0.005
0.0000117	5.068	4.984	0.005
0.000011725	5.005	4.968	-0.12
0.00001175	5.005	4.984	-0.0575
0.000011775	5.005	5	-0.12
0.0000118	5.068	5.015	-0.0575
0.000011825	5.13	4.984	0.005
0.00001185	5.005	4.984	-0.0575
0.000011875	5.068	4.984	-0.0575
0.0000119	5.068	4.984	-0.0575
0.000011925	5.068	5	0.005
0.00001195	5.13	5	0.005
0.000011975	5.13	5	-0.0575
0.000012	5.005	4.984	-0.0575
0.000012025	5.068	4.968	-0.0575
0.00001205	5.068	4.968	0.005
0.000012075	5.068	4.984	0.005
0.0000121	5.005	4.968	0.005
0.000012125	5.068	5	0.005
0.00001215	5.068	4.968	0.005
0.000012175	5.005	4.968	0.005
0.0000122	5.13	4.984	-0.0575
0.000012225	5.068	5	-0.0575
0.00001225	5.13	4.984	0.005
0.000012275	5.068	5	0.005
0.0000123	5.068	5	0.005
0.000012325	5.13	4.984	0.0675
0.00001235	5.13	5	0.005
0.000012375	5.005	5.015	-0.0575
0.0000124	5.13	4.968	0.005
0.000012425	5.13	4.984	0.005
0.00001245	5.068	5	0.005
0.000012475	5.005	4.984	0.005
0.0000125	5.005	4.984	-0.12
0.000012525	5.068	4.984	0.005
0.00001255	5.005	5	-0.0575
0.000012575	5.13	4.968	0.005
0.0000126	5.13	4.968	-0.0575
0.000012625	5.005	5	0.005
0.00001265	5.068	4.968	-0.0575
0.000012675	5.005	4.984	-0.0575
0.0000127	5.068	4.984	-0.0575
0.000012725	5.068	4.968	0.0675
0.00001275	5.13	5	0.0675
0.000012775	5.068	5	0.005
0.0000128	5.068	4.968	0.0675
0.000012825	5.005	5	-0.0575
0.00001285	5.068	4.968	-0.0575
0.000012875	5.13	4.968	-0.0575
0.0000129	5.068	4.968	-0.0575
0.000012925	5.005	5	-0.0575
0.00001295	5.068	4.968	0.005
0.000012975	5.005	4.984	0.0675
0.000013	5.068	5	-0.0575
0.000013025	5.005	4.968	-0.0575
0.00001305	5.005	5	-0.0575
0.000013075	5.193	5	0.005
0.0000131	5.005	4.984	0.005
0.000013125	5.068	5	0.005
0.00001315	5.005	5	-0.0575
0.000013175	5.005	4.984	-0.0575
0.0000132	5.005	5	-0.0575
0.000013225	5.068	4.984	0.0675
0.00001325	5.005	5	0.005
0.000013275	5.068	4.984	0.0675
0.0000133	5.068	4.984	0.005
0.000013325	5.005	4.984	0.005
0.00001335	5.068	4.968	0.005
0.000013375	5.13	4.984	0.0675
0.0000134	5.068	5.015	0.005
0.000013425	5.13	4.968	-0.0575
0.00001345	5.005	5	-0.0575
0.000013475	5.13	4.984	0.005
0.0000135	5.005	5	0.005
0.000013525	5.005	4.984	0.0675
0.00001355	5.005	4.984	0.0675
0.000013575	5.068	4.968	-0.0575
0.0000136	5.13	5.015	0.0675
0.000013625	5.068	4.984	0.0675
0.00001365	5.13	5	0.0675
0.000013675	5.068	5	0.0675
0.0000137	5.005	4.968	0.0675
0.000013725	5.005	4.968	-0.0575
0.00001375	5.13	4.984	0.005
0.000013775	5.005	5	0.005
0.0000138	5.068	4.968	0.005
0.000013825	5.068	5	0.0675
0.00001385	5.005	4.984	0.005
0.000013875	5.005	5	0.005
0.0000139	5.005	4.968	0.0675
0.000013925	5.005	4.968	0.0675
0.00001395	5.13	5.015	0.0675
0.000013975	5.068	4.984	0.0675
0.000014	5.005	5	0.0675
0.000014025	5.068	4.984	0.0675
0.00001405	5.068	5	0.0675
0.000014075	5.068	4.968	0.005
0.0000141	5.13	4.984	0.005
0.000014125	5.068	4.968	0.0675
0.00001415	5.068	4.968	0.13
0.000014175	5.13	5	0.005
0.0000142	5.13	5	0.005
0.000014225	5.068	4.984	0.0675
0.00001425	5.068	4.984	0.005
0.000014275	5.005	5.015	0.0675
0.0000143	5.13	5	0.0675
0.000014325	5.005	4.968	0.0675
0.00001435	5.068	5	0.0675
0.000014375	5.068	4.984	0.005
0.0000144	5.068	5	0.0675
0.000014425	5.068	5	0.0675
0.00001445	5.005	5	0.005
0.000014475	5.005	5	0.005
0.0000145	5.005	5	0.0675
0.000014525	5.13	4.984	0.005
0.00001455	5.005	5	0.0675
0.000014575	5.068	4.984	0.0675
0.0000146	5.068	5	0.0675
0.000014625	5.005	4.984	0.0675
0.00001465	5.005	4.968	0.0675
0.000014675	5.068	5	0.005
0.0000147	5.068	4.984	0.0675
0.000014725	5.068	4.968	0.0675
0.00001475	5.068	4.968	0.0675
0.000014775	5.13	4.984	-0.0575
0.0000148	5.13	4.968	0.0675
0.000014825	5.005	4.968	0.005
0.00001485	5.005	4.984	0.0675
0.000014875	5.068	4.984	0.0675
0.0000149	5.13	5	0.0675
0.000014925	5.005	4.968	0.0675
0.00001495	5.068	5	0.0675
0.000014975	5.005	5	0.0675
0.000015	5.005	5.015	0.005
0.000015025	5.005	5	0.0675
0.00001505	5.005	4.984	0.0675
0.000015075	5.068	4.968	0.0675
0.0000151	5.068	5	0.005
0.000015125	5.005	4.968	0.005
0.00001515	5.005	5.015	0.13
0.000015175	5.005	5	0.005
0.0000152	5.005	4.968	0.0675
0.000015225	5.068	5	0.0675
0.00001525	5.13	4.984	0.13
0.000015275	5.005	5	0.005
0.0000153	5.068	4.968	0.0675
0.000015325	5.068	4.984	0.0675
0.00001535	5.005	4.968	0.0675
0.000015375	5.005	4.984	0.0675
0.0000154	5.005	5	0.005
0.000015425	5.068	5	0.0675
0.00001545	5.068	5	0.0675
0.000015475	5.13	4.984	0.005
0.0000155	5.005	5	0.005
0.000015525	5.13	4.968	0.0675
0.00001555	5.068	5.015	0.0675
0.000015575	5.005	4.984	0.0675
0.0000156	5.068	4.984	0.005
0.000015625	5.005	5	0.0675
0.00001565	5.068	5	0.0675
0.000015675	5.005	4.968	0.0675
0.0000157	5.005	4.984	0.0675
0.000015725	5.068	4.968	0.005
0.00001575	5.005	5	0.005
0.000015775	5.068	4.968	0.005
0.0000158	5.068	4.984	0.0675
0.000015825	5.005	4.984	0.0675
0.00001585	5.005	5	0.0675
0.000015875	5.068	4.984	0.0675
0.0000159	5.193	4.968	0.0675
0.000015925	5.005	4.968	0.0675
0.00001595	5.13	5	0.0675
0.000015975	5.068	5	0.0675
0.000016	5.005	5	0.0675
0.000016025	5.068	4.968	0.005
0.00001605	5.068	4.984	0.0675
0.000016075	5.005	4.984	0.0675
0.0000161	5.005	4.968	0.0675
0.000016125	5.005	5	0.0675
0.00001615	5.005	4.984	0.0675
0.000016175	5.005	4.984	0.0675
0.0000162	5.068	5	0.0675
0.000016225	5.068	5.015	0.005
0.00001625	5.068	5	0.0675
0.000016275	5.005	4.984	0.0675
0.0000163	5.005	4.984	0.0675
0.000016325	5.068	4.968	0.0675
0.00001635	5.068	4.968	0.0675
0.000016375	5.068	4.968	0.0675
0.0000164	5.068	4.984	0.005
0.000016425	5.068	5	0.0675
0.00001645	5.005	4.984	0.005
0.000016475	5.005	5	0.0675
0.0000165	5.068	5.015	0.0675
0.000016525	5.005	5	-0.0575
0.00001655	5.068	4.968	0.005
0.000016575	5.068	4.968	0.005
0.0000166	5.068	5	0.005
0.000016625	5.005	4.984	0.005
0.00001665	5.005	4.968	0.005
0.000016675	5.068	5	0.005
0.0000167	5.068	4.968	0.0675
0.000016725	5.005	4.968	0.005
0.00001675	5.068	4.968	0.0675
0.000016775	5.005	5.015	0.0675
0.0000168	5.068	4.968	0.0675
0.000016825	5.005	5	-0.0575
0.00001685	5.068	4.968	0.0675
0.000016875	5.005	4.984	0.0675
0.0000169	5.005	4.984	0.005
0.000016925	5.005	4.968	-0.0575
0.00001695	5.005	5	-0.0575
0.000016975	5.005	4.968	0.005
0.000017	5.068	4.984	-0.0575
0.000017025	5.068	5.015	-0.0575
0.00001705	5.005	4.968	0.005
0.000017075	5.005	4.968	0.0675
0.0000171	5.13	4.984	0.0675
0.000017125	5.13	4.968	0.005
0.00001715	5.068	4.984	0.005
0.000017175	5.068	4.968	-0.0575
0.0000172	5.005	4.968	-0.0575
0.000017225	5.005	4.968	0.0675
0.00001725	5.068	4.984	0.005
0.000017275	5.068	4.984	-0.0575
0.0000173	5.068	4.968	0.0675
0.000017325	5.068	5	-0.0575
0.00001735	5.068	5.015	0.0675
0.000017375	5.068	5	0.005
0.0000174	5.005	5	0.005
0.000017425	5.068	4.984	-0.0575
0.00001745	5.068	4.984	-0.0575
0.000017475	5.068	5	-0.0575
0.0000175	5.068	5	-0.0575
0.000017525	5.13	4.968	-0.0575
0.00001755	5.005	4.984	0.005
0.000017575	5.005	5	-0.12
0.0000176	5.13	5.015	0.0675
0.000017625	5.005	5	-0.0575
0.00001765	5.005	5	-0.12
0.000017675	5.068	4.968	0.005
0.0000177	5.005	4.984	-0.0575
0.000017725	5.068	5	-0.0575
0.00001775	5.005	4.984	-0.0575
0.000017775	5.068	5	0.005
0.0000178	5.068	5	-0.0575
0.000017825	5.005	4.968	0.005
0.00001785	5.068	5	0.005
0.000017875	5.005	4.984	-0.0575
0.0000179	5.068	5	0.005
0.000017925	5.068	4.968	0.005
0.00001795	5.13	5	0.005
0.000017975	5.068	4.984	0.005
0.000018	5.068	4.968	0.005
0.000018025	5.005	4.984	-0.0575
0.00001805	5.005	5	0.005
0.000018075	5.005	4.968	-0.0575
0.0000181	5.13	5	-0.0575
0.000018125	5.005	5	-0.12
0.00001815	5.005	5	0.005
0.000018175	5.068	5	0.005
0.0000182	5.068	4.984	0.005
0.000018225	5.005	4.984	-0.12
0.00001825	5.005	4.968	-0.0575
0.000018275	5.068	4.984	0.005
0.0000183	5.068	5	-0.0575
0.000018325	5.068	5	-0.12
0.00001835	5.005	4.968	-0.0575
0.000018375	5.068	4.984	-0.12
0.0000184	5.068	5	-0.0575
0.000018425	5.005	5.015	0.005
0.00001845	5.005	4.984	-0.0575
0.000018475	5.068	5	-0.12
0.0000185	5.005	4.984	0.005
0.000018525	5.068	4.968	-0.12
0.00001855	5.005	4.984	-0.0575
0.000018575	5.005	4.968	0.005
0.0000186	5.005	4.984	0.005
0.000018625	5.005	4.968	0.005
0.00001865	5.068	4.984	-0.12
0.000018675	5.068	5	-0.0575
0.0000187	5.005	4.968	-0.12
0.000018725	5.005	5	-0.12
0.00001875	5.005	5	0.005
0.000018775	5.13	4.968	-0.0575
0.0000188	5.068	5	-0.12
0.000018825	5.068	4.984	-0.0575
0.00001885	5.13	4.984	-0.0575
0.000018875	5.005	4.984	0.005
0.0000189	5.068	4.968	-0.12
0.000018925	5.068	4.984	-0.0575
0.00001895	5.005	4.984	-0.0575
0.000018975	5.005	4.968	-0.0575
0.000019	5.068	4.984	-0.0575
0.000019025	5.005	5.015	-0.0575
0.00001905	5.068	4.968	-0.0575
0.000019075	5.005	4.984	-0.12
0.0000191	5.005	4.984	-0.12
0.000019125	5.068	5	0.005
0.00001915	5.068	5	-0.12
0.000019175	5.005	5	-0.0575
0.0000192	5.005	5.015	-0.12
0.000019225	5.068	5	0.005
0.00001925	5.068	4.984	0.005
0.000019275	5.068	5	-0.0575
0.0000193	5.068	4.984	-0.12
0.000019325	5.068	4.984	-0.0575
0.00001935	5.005	4.984	-0.12
0.000019375	5.068	4.984	0.0675
0.0000194	5.068	4.968	-0.12
0.000019425	5.068	5	-0.0575
0.00001945	5.068	5	-0.12
0.000019475	5.068	4.984	-0.0575
0.0000195	5.068	4.968	-0.0575
0.000019525	5.005	5	-0.0575
0.00001955	5.068	4.968	0.005
0.000019575	5.005	4.984	-0.0575
0.0000196	5.068	4.984	0.005
0.000019625	5.068	4.968	0.005
0.00001965	5.068	5	0.005
0.000019675	5.005	4.984	0.005
0.0000197	5.068	4.968	-0.12
0.000019725	5.005	5	-0.0575
0.00001975	5.068	4.968	-0.0575
0.000019775	5.068	4.984	-0.0575
0.0000198	5.068	4.984	-0.0575
0.000019825	5.005	4.984	0.005
0.00001985	5.005	4.984	0.005
0.000019875	5.005	5	0.005
0.0000199	5.068	5	0.005
0.000019925	5.005	4.984	0.005
0.00001995	5.005	4.968	0.005
0.000019975	5.005	4.984	0.005
0.00002	5.068	5	0.005
0.000020025	5.068	4.984	-0.0575
0.00002005	5.005	4.984	-0.0575
0.000020075	5.068	5.015	-0.0575
0.0000201	5.068	4.968	0.0675
0.000020125	5.005	5	-0.0575
0.00002015	5.068	4.968	0.0675
0.000020175	5.068	4.968	0.005
0.0000202	5.068	4.984	0.0675
0.000020225	5.068	5	-0.0575
0.00002025	5.068	5	-0.0575
0.000020275	5.068	4.984	0.005
0.0000203	5.005	4.968	-0.0575
0.000020325	5.005	5	0.005
0.00002035	5.005	4.984	0.005
0.000020375	5.005	4.984	0.005
0.0000204	5.068	5	0.0675
0.000020425	5.13	4.984	0.0675
0.00002045	5.068	4.968	0.005
0.000020475	5.068	4.984	0.005
0.0000205	5.068	5	0.0675
0.000020525	5.005	5	0.0675
0.00002055	5.005	4.984	-0.0575
0.000020575	5.005	4.968	0.0675
0.0000206	5.068	4.968	0.0675
0.000020625	5.005	4.968	-0.0575
0.00002065	5.068	4.984	0.0675
0.000020675	5.068	4.968	0.005
0.0000207	5.068	5	0.005
0.000020725	5.005	4.984	0.005
0.00002075	5.005	4.968	0.005
0.000020775	5.068	5	0.005
0.0000208	5.005	5.015	0.005
0.000020825	5.005	4.984	0.005
0.00002085	5.13	4.968	0.005
0.000020875	5.005	5	0.005
0.0000209	5.068	4.984	0.005
0.000020925	5.068	5	0.005
0.00002095	5.13	4.984	0.005
0.000020975	5.005	4.984	0.005
0.000021	5.068	5	0.005
0.000021025	5.005	4.984	0.0675
0.00002105	5.005	4.968	0.0675
0.000021075	5.005	4.984	0.0675
0.0000211	5.068	4.984	0.005
0.000021125	5.13	4.984	0.0675
0.00002115	5.005	4.984	0.005
0.000021175	5.005	4.984	0.0675
0.0000212	5.005	5.015	-0.0575
0.000021225	5.005	4.984	0.0675
0.00002125	5.005	4.968	0.0675
0.000021275	5.005	5	0.005
0.0000213	5.068	4.984	0.005
0.000021325	5.068	5	0.005
0.00002135	5.005	5	0.005
0.000021375	5.068	4.984	0.0675
0.0000214	5.005	4.984	0.005
0.000021425	5.068	4.984	0.005
0.00002145	5.005	4.984	0.0675
0.000021475	5.005	4.984	0.005
0.0000215	5.005	5	0.005
0.000021525	5.005	4.984	0.0675
0.00002155	5.068	4.968	0.005
0.000021575	5.005	5	0.005
0.0000216	5.068	4.968	0.0675
0.000021625	5.005	4.968	0.0675
0.00002165	5.068	4.968	0.0675
0.000021675	5.005	5	0.0675
0.0000217	5.068	4.984	0.005
0.000021725	5.005	4.968	0.005
0.00002175	5.068	5	0.005
0.000021775	5.005	4.984	0.005
0.0000218	5.005	4.984	0.0675
0.000021825	5.068	5	0.0675
0.00002185	5.005	5	0.0675
0.000021875	4.943	4.984	0.0675
0.0000219	5.068	4.984	0.0675
0.000021925	5.005	4.968	0.0675
0.00002195	5.005	5	0.005
0.000021975	5.068	5	0.0675
0.000022	5.005	4.968	0.0675
0.000022025	5.068	4.968	0.005
0.00002205	5.005	4.984	-0.0575
0.000022075	5.068	4.984	0.005
0.0000221	5.068	5	0.0675
0.000022125	5.005	4.984	0.0675
0.00002215	5.005	4.968	0.0675
0.000022175	5.005	4.968	0.0675
0.0000222	5.068	4.968	0.0675
0.000022225	5.005	4.984	0.005
0.00002225	5.068	4.968	0.005
0.000022275	5.005	5.015	0.0675
0.0000223	5.068	4.968	-0.0575
0.000022325	5.068	5	0.0675
0.00002235	5.068	4.984	0.0675
0.000022375	5.068	4.968	0.005
0.0000224	5.005	4.968	0.005
0.000022425	5.005	4.984	0.0675
0.00002245	5.068	4.968	0.0675
0.000022475	5.005	5.015	0.0675
0.0000225	5.068	4.968	0.0675
0.000022525	5.13	5	0.005
0.00002255	5.005	4.968	0.005
0.000022575	5.068	5	0.005
0.0000226	5.068	5	0.005
0.000022625	5.068	4.984	0.0675
0.00002265	5.005	4.984	0.005
0.000022675	5.068	5	0.0675
0.0000227	5.068	4.984	0.0675
0.000022725	5.005	4.984	-0.0575
0.00002275	5.005	5	0.0675
0.000022775	5.068	4.968	0.0675
0.0000228	5.068	5	0.0675
0.000022825	5.005	5	0.005
0.00002285	5.005	4.968	0.005
0.000022875	5.068	5	0.005
0.0000229	5.005	5.015	0.005
0.000022925	5.005	5	0.005
0.00002295	5.005	4.968	0.005
0.000022975	5.068	4.968	-0.0575
0.000023	5.005	4.984	0.005
0.000023025	5.068	5	0.005
0.00002305	5.068	4.984	-0.0575
0.000023075	5.005	4.984	0.0675
0.0000231	5.068	4.968	0.005
0.000023125	5.005	4.984	0.0675
0.00002315	5.068	4.968	0.005
0.000023175	5.005	5	0.005
0.0000232	5.005	4.968	-0.0575
0.000023225	5.005	4.968	0.0675
0.00002325	5.005	4.984	0.005
0.000023275	5.005	5	0.005
0.0000233	5.068	4.984	-0.0575
0.000023325	5.068	5	0.005
0.00002335	5.005	4.984	0.0675
0.000023375	5.005	5	0.0675
0.0000234	5.005	4.968	0.005
0.000023425	5.005	4.968	-0.0575
0.00002345	5.068	5	0.005
0.000023475	5.005	5	0.0675
0.0000235	5.13	4.984	-0.0575
0.000023525	5.068	5	0.005
0.00002355	5.005	4.968	0.0675
0.000023575	5.068	4.968	-0.0575
0.0000236	5.005	4.984	0.005
0.000023625	5.005	4.984	0.005
0.00002365	5.005	5	0.005
0.000023675	5.005	4.984	0.005
0.0000237	5.068	4.984	-0.0575
0.000023725	5.005	4.968	0.005
0.00002375	5.005	4.984	-0.0575
0.000023775	5.005	5.015	-0.0575
0.0000238	5.068	4.968	-0.0575
0.000023825	5.005	5	0.005
0.00002385	5.005	4.968	0.005
0.000023875	5.005	5	0.005
0.0000239	4.943	5	0.005
0.000023925	5.005	4.984	0.005
0.00002395	5.068	5	0.005
0.000023975	5.005	4.984	0.005
0.000024	5.005	4.984	0.005
0.000024025	5.005	4.968	0.005
0.00002405	5.068	4.968	0.0675
0.000024075	5.005	4.984	0.005
0.0000241	5.068	4.984	-0.0575
0.000024125	5.068	4.968	-0.0575
0.00002415	5.068	4.984	0.005
0.000024175	5.068	5	0.005
0.0000242	5.005	4.984	0.005
0.000024225	5.005	4.984	-0.0575
0.00002425	5.005	4.984	-0.0575
0.000024275	5.005	4.968	0.005
0.0000243	5.005	4.984	-0.0575
0.000024325	4.943	4.968	0.005
0.00002435	5.068	4.984	0.005
0.000024375	5.068	5.015	-0.0575
0.0000244	5.005	4.968	0.0675
0.000024425	5.005	4.968	0.005
0.00002445	5.005	4.968	0.005
0.000024475	5.068	4.968	0.005
0.0000245	5.068	5	0.005
0.000024525	5.068	4.968	-0.0575
0.00002455	5.068	4.984	0.005
0.000024575	5.068	5	0.005
0.0000246	5.005	5	-0.0575
0.000024625	5.068	5	0.005
0.00002465	5.005	4.984	0.0675
0.000024675	5.068	5.015	-0.0575
0.0000247	5.005	5	0.005
0.000024725	5.068	4.984	-0.0575
0.00002475	5.068	4.984	0.005
0.000024775	5.005	4.968	0.005
0.0000248	5.068	4.984	0.005
0.000024825	1.943	4.968	-0.0575
0.00002485	-0.8075	5	0.005
0.000024875	0.005	4.968	0.005
0.0000249	-0.1825	4.968	-0.12
0.000024925	-0.245	5	-0.0575
0.00002495	-0.1825	5.062	-0.0575
0.000024975	-0.1825	5.437	-0.0575
